0
30	254	82	
28	153	201	
204	74	238	
104	
174	
147	
pose is -1.258 0.028827 -0.127527
Q is 0.989238 -0.00844631 -0.145728 0.0100137
1
0	0	0	
0	0	0	
0	0	0	
0	
0	
0	
pose is -0 -0 -0
Q is 1 0 0 0
2
244	194	205	
233	144	183	
254	21	42	
249	
72	
186	
pose is 0.860035 0.00378973 0.51022
Q is 0.992487 0.00298168 0.11996 -0.0238926
3
181	83	81	
147	33	230	
58	34	123	
4	
18	
142	
pose is 1.8546 0.0213561 0.632508
Q is 0.976209 -0.00121845 0.215076 -0.0275219
4
212	72	219	
168	155	68	
156	230	95	
17	
126	
67	
pose is 4.04288 0.74212 3.06054
Q is 0.860443 -0.0928551 0.494841 -0.0784078
5
183	26	41	
140	156	110	
255	225	174	
76	
201	
145	
pose is 4.83508 0.617325 3.87809
Q is 0.814669 -0.0403163 0.574467 -0.0683886
6
28	107	155	
180	109	4	
38	208	36	
139	
138	
161	
pose is 5.47086 0.549981 4.92971
Q is 0.767351 -0.0213352 0.635988 -0.0789696
7
214	201	249	
161	5	99	
3	238	155	
94	
144	
135	
pose is 5.16434 0.533411 6.25919
Q is 0.662314 0.00285254 0.74321 -0.0947113
