3 0 1984 531.828 1351.01 1 2344 258.412 1337.46 2 739 85.5297 1397.83 
2 1 2384 266.034 1330.58 2 834 93.4086 1390.73 
2 1 2413 271.859 1220.2 2 897 99.6664 1276.37 
2 1 2427 274.808 1194.53 2 969 106.16 1249.55 
2 1 2463 283.211 1253.42 2 1035 112.437 1310.61 
2 1 2466 283.915 1204.61 2 1041 113.17 1260.21 
2 1 2486 288.802 1225.81 2 1101 119.16 1282.16 
2 1 2494 290.704 1302.69 2 1117 121.422 1361.83 
2 1 2573 309.908 642.091 2 1396 151.631 683.32 
2 1 2625 321.176 1289.36 2 1451 156.277 1348.07 
2 1 2628 321.814 554.239 2 1526 164.692 593.296 
2 1 2652 329.591 1247.7 2 1530 165.201 1304.88 
2 1 2662 331.715 1324.99 2 1557 168.477 1385.41 
2 1 2670 333.746 576.459 2 1647 181.848 614.978 
2 1 2671 333.932 1176.69 2 1602 173.02 1230.99 
2 1 2674 334.878 813.859 2 1662 184.994 857.115 
2 1 2675 334.878 813.859 2 1663 184.994 857.115 
2 1 2676 335.181 622.913 2 1653 183.855 662.453 
3 1 2696 340.986 1135.45 2 1695 193.296 1187.2 3 1059 132.925 1138.05 
2 1 2700 341.486 557.573 2 1673 187.735 595.267 
2 1 2702 341.6 665.591 2 1674 187.877 705.12 
2 1 2704 343.25 1077.33 2 1713 196.878 1127.29 
2 1 2713 346.741 487.668 2 1655 184.143 523.533 
1 1 2719 348.75 523.704 
3 0 2201 576.2 532.103 1 2721 348.949 524.6 2 1677 188.172 559.778 
2 1 2749 356.503 704.165 2 1769 206.705 744.243 
2 1 2754 357.445 885.683 2 1791 210.169 929.637 
2 1 2758 358.096 1196.36 2 1721 197.542 1251.45 
2 1 2759 358.096 1196.36 2 1722 197.542 1251.45 
2 1 2764 359.402 1321.58 2 1730 199.491 1381.94 
2 1 2774 360.962 681.573 2 1784 208.899 720.679 
2 1 2783 363.637 659.693 2 1789 209.556 697.832 
2 1 2785 365.806 1233.15 2 1772 206.966 1289.72 
2 1 2791 366.994 1127.37 2 1857 226.206 1178.33 
2 1 2795 367.389 691.848 2 1828 217.926 730.595 
2 1 2797 367.717 871.649 2 1842 222.504 915.002 
2 1 2798 367.718 1189.53 2 1801 211.7 1244.05 
2 1 2802 367.862 668.519 2 1804 213.199 706.651 
2 1 2803 367.927 685.814 2 1826 217.709 724.144 
3 1 2805 368.427 1035.15 2 1849 224.944 1083.15 3 1233 163.945 1052.59 
4 1 2809 368.914 770.586 2 1844 222.693 810.974 3 1261 171.332 825.48 4 847 144.448 952.607 
2 1 2819 372.18 1194.64 2 1808 213.575 1249.35 
2 1 2829 376.325 696.99 2 1864 227.937 735.009 
2 1 2830 376.325 696.99 2 1865 227.937 735.009 
2 1 2840 379.056 585.829 2 1853 225.573 620.905 
3 1 2847 383.192 530.05 2 1860 226.994 563.693 3 1279 177.654 619.806 
2 1 2850 384.098 595.587 2 1882 231.905 631.391 
2 1 2867 388.514 1187.04 2 1899 235.505 1241.24 
2 1 2868 388.514 1187.04 2 1900 235.505 1241.24 
2 1 2869 388.851 602.385 2 1902 236.922 637.781 
2 1 2870 388.851 602.385 2 1903 236.922 637.781 
2 1 2873 390.783 623.006 2 1912 239.565 659.03 
2 1 2874 390.783 623.006 2 1913 239.565 659.03 
2 1 2876 391.257 609.438 2 1914 239.75 644.529 
1 1 2885 394.854 698.513 
2 1 2893 396.64 710.142 2 1986 253.133 747.749 
3 1 2902 398.631 1034.03 2 2021 260.593 1081.31 3 1338 193.098 1052.54 
2 1 2904 400.409 1185.37 2 1969 249.528 1238.93 
2 1 2912 403.962 694.171 2 2015 259.209 731.167 
2 1 2918 404.922 610.501 2 2000 255.498 645.268 
2 1 2934 411.303 603.334 2 2030 262.514 636.902 
2 1 2942 412.839 700.05 2 2066 269.249 736.219 
2 1 2943 412.839 700.05 2 2067 269.249 736.219 
2 1 2945 414.421 1309.89 2 2037 263.49 1370.07 
2 1 2953 416.432 1191.24 2 2042 264.699 1245.88 
2 1 2956 416.875 704.297 2 1989 253.913 739.762 
2 1 2957 416.875 704.297 2 1990 253.913 739.762 
2 1 2962 419.009 533.13 2 2055 267.933 563.504 
2 1 2986 426.53 657.453 2 2100 280.282 691.923 
2 1 2989 427.082 1283.24 2 2090 278.261 1342.19 
2 1 2995 430.008 687.249 2 2122 288.714 722.587 
2 1 2997 430.83 701.006 2 2126 289.881 736.078 
2 1 2999 431.994 675.468 2 2123 289.157 709.835 
2 1 3007 435.551 1296.42 2 2118 288.163 1356.15 
2 1 3009 436.781 748.996 2 2163 299.664 785.565 
2 1 3016 437.752 669.222 2 2144 294.787 703.081 
3 1 3020 438.103 1191.53 2 2127 290.039 1246.36 3 1353 196.467 1193.51 
2 1 3026 440.406 1187.69 2 2134 292.64 1242.1 
3 0 2399 642.713 654.865 1 3036 442.59 645.386 2 2162 299.66 678.891 
2 1 3038 443.052 1180.84 2 2153 298.208 1234.49 
2 1 3054 447.706 579.873 2 2184 303.321 609.845 
4 0 2424 648.739 550.731 1 3056 448.602 539.682 2 2172 301.519 568.094 3 1599 238.57 621.742 
2 1 3075 453.358 1114.7 2 2273 325.24 1164.15 
2 1 3078 453.872 1103.08 2 2261 323.853 1152.44 
3 0 2454 652.802 1096.88 1 3081 454.917 1087.5 2 2272 324.841 1135.86 
2 1 3082 454.938 550.849 2 2218 310.26 579.641 
2 1 3084 455.118 1183.8 2 2217 309.943 1237.94 
2 1 3096 457.089 997.221 2 2280 326.426 1041.71 
2 1 3099 457.449 1066.86 2 2291 327.379 1114.47 
2 1 3103 457.904 1060.91 2 2301 328.092 1108.26 
2 1 3112 458.743 892.761 2 2289 327.147 932.81 
2 1 3113 458.787 1143.29 2 2271 324.813 1194.82 
2 1 3114 458.787 1143.29 2 2269 324.813 1194.82 
2 1 3143 463.333 800.568 2 2322 330.756 837.634 
2 1 3152 465.905 649.539 2 2332 332.054 680.736 
2 1 3153 465.905 649.539 2 2333 332.054 680.736 
3 1 3162 467.767 1185.32 2 2268 324.606 1239.93 3 1523 225.441 1190.09 
2 1 3163 467.881 582.211 2 2345 333.617 611.935 
2 1 3175 471.889 662.148 2 2366 339.539 693.991 
2 1 3180 476.217 1209.88 2 2349 334.423 1265.05 
2 1 3183 477.819 1177.92 2 2365 339.463 1231.3 
2 1 3203 493.014 1024.91 2 2487 381.992 1069.2 
2 1 3204 493.891 1024.13 2 2491 382.95 1068.4 
3 1 3209 496.021 679.984 2 2483 379.089 710.348 3 2059 314.897 740.165 
3 1 3270 509.04 594.053 2 2522 392.312 620.938 3 2130 329.501 664.098 
3 1 3287 514.154 600.45 2 2546 398.095 627.313 3 2168 334.628 669.273 
2 1 3438 572.434 604.821 2 2959 465.986 627.734 
3 0 2656 716.692 618.283 1 3439 572.434 604.821 2 2960 465.986 627.734 
3 1 3562 632.803 611.21 2 3324 537.191 629.996 3 2616 454.707 668.868 
3 1 3563 632.803 611.21 2 3325 537.191 629.996 3 2617 454.707 668.868 
4 0 2881 775.302 621.385 1 3633 652.176 604.569 2 3422 559.407 621.556 3 2684 473.509 660.94 
2 1 3635 652.548 739.504 2 3440 562.626 763.739 
2 1 3665 664.334 606.506 2 3489 574.077 622.92 
2 1 3715 671.911 616.151 2 3520 583.363 632.354 
2 1 3716 671.911 616.151 2 3521 583.363 632.354 
2 1 3726 673.594 600.374 2 3527 584.218 615.831 
2 1 3736 676.617 623.024 2 3547 589.168 639.178 
2 1 3745 684.102 705.266 2 3609 605.026 725.66 
2 1 3785 711.145 789.574 2 3734 635.916 813.331 
2 1 3789 712.493 846.279 2 3742 637.371 873.755 
2 1 3799 713.888 1096 2 3771 644.329 1140.96 
2 1 3804 715.785 100.705 2 3781 648.63 84.122 
2 1 3805 715.927 1007.35 2 3769 643.863 1045.85 
2 1 3807 716.502 781.015 2 3755 640.246 804.186 
2 1 3810 717.367 515.36 2 3746 638.109 522.401 
3 1 3825 721.238 614.089 2 3766 642.737 626.484 3 2869 549.528 663.504 
2 1 3835 724.051 789.943 2 3782 651.063 813.248 
3 1 3855 734.938 697.156 2 3791 661.197 714.072 3 2910 564.033 740.751 
3 0 2984 833.015 648.287 1 3858 736.602 630.922 2 3793 662.467 643.788 
2 1 3860 738.146 595.131 2 3788 658.179 605.148 
2 1 3862 740.21 693.452 2 3801 667.308 709.44 
2 1 3864 742.315 625.077 2 3808 669.138 636.899 
2 1 3866 742.909 591.947 2 3796 663.57 601.732 
3 1 3868 743.021 644.39 2 3811 670.373 657.17 3 2929 574.603 689.67 
2 1 3872 745.051 720.78 2 3816 672.939 739.158 
3 1 3873 745.354 617.098 2 3813 670.961 627.862 3 2930 574.866 663.826 
2 1 3877 747.06 773.02 2 3826 677.38 794.063 
2 1 3881 750.056 1078.61 2 3875 686.456 1121.1 
2 1 3884 751.843 626.652 2 3837 680.156 637.819 
2 1 3887 752.669 696.719 2 3846 683.136 712.105 
3 0 3014 843.632 561.762 1 3888 752.927 539.965 2 3839 680.856 546.103 
2 1 3898 754.424 531.586 2 3836 680.014 536.514 
2 1 3903 756.838 1087.41 2 3946 695.974 1131.06 
2 1 3908 757.564 536.893 2 3853 683.967 541.82 
3 0 3154 884.296 1235.51 1 3933 759.399 1240.59 2 3824 676.917 1298.73 
2 1 3946 760.489 779.875 2 3936 692.802 799.79 
2 1 3948 760.707 598.557 2 3866 685.914 607.095 
2 1 3959 762.493 565.118 2 3867 685.915 572.018 
2 1 3963 763.351 702.468 2 3942 694.34 718.14 
2 1 3971 765.782 554.549 2 3931 692.52 559.516 
3 0 3171 891.484 1223.54 1 3974 767.976 1228.52 2 3874 686.444 1285.58 
3 0 3116 863.937 602.267 1 3977 770.229 580.44 2 3945 695.323 586.588 
2 1 3978 774.338 165.622 2 3872 686.22 144.626 
2 1 4068 874.932 135.355 2 4007 772.911 96.6843 
2 1 4071 876.095 120.444 2 3999 770.899 80.56 
2 1 4085 878.056 969.939 2 4039 782.519 1004.53 
2 1 4086 878.13 131.096 2 4013 775.247 91.9099 
2 1 4089 878.444 1023.59 2 4051 783.844 1063.51 
3 1 4093 878.939 1110.94 2 4067 785.948 1159.53 3 3075 604.62 1146.68 
2 1 4095 879.077 1063.8 2 4062 785.238 1107.83 
2 1 4097 879.752 1083.5 2 4069 786.203 1129.41 
3 1 4111 881.039 1160.73 2 4079 788.443 1214.98 3 3077 604.906 1197.51 
3 0 3342 1006.58 1230.21 1 4116 881.768 1243.02 2 4086 790.832 1306 
2 1 4117 881.938 1260.45 2 4089 791.184 1325.36 
2 1 4118 881.994 1144.23 2 4083 790.211 1196.66 
2 1 4126 884.126 1258.66 2 4091 794.138 1322.58 
2 1 4134 890.568 1151.03 2 4099 801.576 1204.08 
3 0 3299 986.706 902.386 1 4135 890.638 893.236 2 4105 808.87 919.342 
2 1 4155 904.873 953.318 2 4107 816.968 985.46 
2 1 4156 904.873 953.318 2 4108 816.968 985.46 
2 1 4157 905.772 1154.53 2 4114 821.59 1207.65 
2 1 4168 914.509 1209.41 2 4125 833.437 1268.91 
3 1 4169 914.509 1209.41 2 4127 833.437 1268.91 3 3207 647.475 1250.41 
3 1 4191 924.608 920.05 2 4141 842.686 947.904 3 3250 668.93 954.058 
2 1 4200 926.586 965.877 2 4148 845.607 998.595 
2 1 4206 931.678 952.915 2 4156 852.151 984.312 
2 1 4229 943.28 1108.83 2 4176 870.892 1156.79 
2 1 4230 943.28 1108.83 2 4177 870.892 1156.79 
6 0 3400 1044.79 998.097 1 4244 953.415 996.223 2 4197 881.682 1031.5 3 3285 705.343 1032.7 4 2425 381.254 1112.32 5 1956 366.205 998.911 
2 1 4262 965.811 216.328 2 4207 888.622 172.838 
3 1 4270 970.897 955.187 2 4235 904.403 985.023 3 3306 729.623 990.152 
2 1 4272 972.923 1252.07 2 4249 911.089 1316.55 
3 1 4277 978.338 957.045 2 4254 913.735 987.293 3 3338 739.155 992.358 
2 1 4290 981.996 115.703 2 4252 913.6 61.3784 
2 1 4315 1002.19 893.948 2 4301 952.446 915.839 
2 1 4317 1002.29 1005.04 2 4293 948.898 1039.98 
2 1 4332 1012.95 122.868 2 4303 955.069 65.1827 
2 1 4338 1016.29 994.665 2 4321 966.51 1027.98 
2 1 4350 1019.11 142.908 2 4312 963.383 86.2006 
2 1 4356 1022.8 127.006 2 4324 968.437 68.5335 
2 1 4357 1022.8 127.006 2 4325 968.437 68.5335 
2 1 4416 1041.03 1001.01 2 4410 999.786 1034.17 
2 1 4430 1043.06 1082.53 2 4430 1004.04 1125.94 
3 1 4435 1044.53 1002.08 2 4432 1004.19 1035.22 3 3479 832.027 1040.59 
2 1 4439 1044.95 128.847 2 4528 1023.9 69.5118 
3 0 3642 1103.41 989.216 1 4468 1050.22 988.593 2 4481 1012.2 1019.85 
2 1 4488 1053.41 984.936 2 4502 1015.48 1015.91 
2 1 4581 1077.31 237.363 2 4894 1084.81 185.577 
3 1 4582 1077.31 237.363 2 4895 1084.81 185.577 3 4366 1004.4 242.217 
2 1 4592 1078.07 229.06 2 4908 1085.48 176.109 
6 1 4593 1078.36 252.357 2 4917 1086.47 201.483 3 4372 1005.44 256.189 4 3381 721.995 404.182 5 2720 654.336 369.499 6 2091 561.859 456.861 
3 1 4594 1078.36 252.357 2 4918 1086.47 201.483 3 4373 1005.44 256.189 
2 1 4602 1080.36 259.991 2 4938 1089.47 209.665 
2 1 4604 1080.39 235.064 2 4923 1087.81 182.232 
2 1 4617 1083.07 268.546 2 4968 1092.58 218.687 
3 1 4618 1083.35 239.068 2 4970 1092.64 186.717 3 4426 1012.35 242.699 
2 1 4622 1083.87 281.766 2 4996 1097.3 234.191 
3 1 4661 1091.04 131.558 2 4893 1084.7 66.5486 3 4301 993.038 132.656 
2 1 4666 1091.89 251.532 2 5033 1104.46 199.167 
3 1 4683 1094.91 243.606 2 5059 1108.2 190.078 3 4487 1028.83 244.268 
2 1 4685 1095.9 235.292 2 5079 1109.68 180.834 
2 1 4692 1097.08 229.147 2 5084 1110.79 173.65 
2 1 4697 1097.67 246.341 2 5091 1111.98 192.63 
2 1 4698 1097.82 241.094 2 5090 1111.97 187.403 
3 1 4721 1101.4 220.372 2 5118 1115.93 163.647 3 4546 1037.74 219.333 
2 1 4723 1102.09 275.695 2 5134 1118.31 224.067 
2 1 4724 1102.09 275.695 2 5135 1118.31 224.067 
2 1 4795 1124.71 145.558 2 5189 1129.96 77.4206 
2 1 4798 1125.11 105.372 2 5164 1124.26 32.505 
2 1 4799 1125.11 105.372 2 5165 1124.26 32.505 
3 1 4857 1139.42 141.287 2 5252 1148.67 70.4731 3 4665 1060.09 130.013 
2 1 4864 1141.64 235.537 2 5332 1169.32 175.662 
3 1 4865 1141.86 224.313 2 5330 1168.39 162.654 3 4835 1092.86 214.027 
2 1 4870 1143.87 139.438 2 5271 1154.54 67.9253 
2 1 4884 1148.58 350.473 2 5392 1184.65 301.369 
2 1 4900 1154.96 132.899 2 5329 1168.23 58.9581 
5 0 3930 1165.77 222.19 1 4909 1159.18 120.059 2 5334 1169.7 43.8377 3 4750 1078.19 103.204 4 3506 753.643 251.208 
4 1 4910 1159.18 120.059 2 5335 1169.7 43.8377 3 4751 1078.19 103.204 4 3507 753.643 251.208 
2 0 3664 1107.68 396.313 1 4913 1159.8 344.227 
3 1 4915 1160.1 344.067 2 5445 1198.64 293.067 3 4953 1123.46 333.331 
2 1 4937 1170.19 345.58 2 5505 1211.41 293.663 
3 1 4939 1170.35 139.116 2 5409 1188.6 63.7692 3 4877 1101.66 119.98 
2 1 4948 1172.63 287.657 2 5509 1211.79 229.183 
3 0 3731 1121.88 438.426 1 4973 1178.67 388.252 2 5571 1222.6 339.973 
2 1 4982 1180.86 251.072 2 5572 1222.67 188.322 
2 1 4983 1180.86 251.072 2 5573 1222.67 188.322 
2 1 4985 1180.87 365.095 2 5575 1222.86 313.936 
2 1 4990 1181.76 296.637 2 5585 1224.35 238.058 
3 0 3756 1126.96 415.192 1 4995 1183.01 362.897 2 5590 1225.17 311.027 
2 1 5011 1187.62 260.355 2 5629 1231.68 196.856 
2 1 5013 1187.83 253.038 2 5630 1231.79 188.738 
2 1 5014 1187.83 253.038 2 5631 1231.79 188.738 
2 1 5017 1188.5 281.641 2 5642 1233.72 219.453 
3 0 3786 1131.94 409.008 1 5022 1189.14 356.176 2 5635 1232.32 303.62 
3 1 5039 1194.32 173.979 2 5582 1223.92 99.1819 3 5017 1140.98 149.641 
2 1 5042 1195.72 259.112 2 5679 1242.39 194.309 
2 1 5044 1196.21 269.23 2 5691 1243.66 205.776 
2 1 5047 1197.51 379.057 2 5697 1244.62 327.721 
3 1 5051 1199.24 300.307 2 5725 1248.56 239.985 3 5267 1178.62 279.945 
2 1 5064 1200.97 295.116 2 5746 1250.94 234.328 
2 1 5069 1201.63 280.417 2 5749 1251.34 217.468 
2 1 5070 1201.63 280.417 2 5750 1251.34 217.468 
2 1 5073 1202.06 152.269 2 5622 1231.11 73.8501 
2 1 5084 1207.67 124.031 2 5625 1231.59 40.8368 
2 1 5085 1208.19 179.982 2 5686 1243.1 104.224 
3 1 5102 1214.84 182.041 2 5755 1252.44 105.599 3 5220 1172.06 153.102 
2 1 5104 1215.3 266.475 2 5822 1268.09 200.323 
3 1 5112 1217.16 382.249 2 5835 1271.6 328.713 3 5361 1198.16 361.949 
3 1 5115 1217.78 184.39 2 5773 1256.53 107.794 3 5259 1176.82 154.812 
2 1 5130 1220.72 350.975 2 5843 1272.98 293.689 
3 1 5134 1222.65 347.478 2 5849 1274.55 289.382 3 5363 1199.52 324.298 
3 1 5139 1223.77 148.167 2 5777 1257.77 65.8872 3 5234 1173.38 115.287 
3 0 3931 1165.77 222.19 1 5140 1223.77 148.167 2 5778 1257.77 65.8872 
2 1 5161 1228.33 346.438 2 5888 1282.26 287.036 
2 1 5171 1232.43 189.821 2 5857 1276.07 111.905 
3 1 5174 1233.71 374.356 2 5946 1298.28 319.522 3 5519 1233.29 352.714 
2 1 5175 1233.71 374.356 2 5947 1298.28 319.522 
2 1 5190 1239.15 260.036 2 5952 1299.99 190.107 
2 1 5191 1239.33 266.98 2 5958 1301.56 198.279 
6 1 5217 1246.72 379.522 2 5997 1315.32 322.965 3 5624 1250.98 354.275 4 4233 942.569 445.949 5 3599 827.575 399.944 6 2641 686.617 477.843 
7 0 3919 1163.66 433.326 1 5218 1246.72 379.522 2 5998 1315.32 322.965 3 5625 1250.98 354.275 4 4234 942.569 445.949 5 3600 827.575 399.944 6 2642 686.617 477.843 
4 1 5247 1251.86 174.088 2 5957 1300.54 91.4935 3 5469 1224.21 135.555 4 4047 893.334 240.259 
2 1 5258 1256.03 265.397 2 6049 1324.71 194.339 
2 1 5276 1261.79 307.559 2 6074 1333.36 239.956 
4 1 5277 1261.91 202.478 2 6007 1317.19 122.207 3 5578 1243.56 163.042 4 4134 915.195 260.79 
2 1 5288 1263.33 289.734 2 6080 1335.05 220.018 
2 1 5294 1264.04 179.618 2 6009 1317.38 95.9594 
2 1 5297 1265.18 294.695 2 6091 1337.9 225.671 
2 1 5301 1265.82 299.188 2 6095 1338.96 231.621 
5 1 5311 1267.41 195.561 2 6044 1324.12 113.511 3 5623 1250.86 154.069 4 4162 921.194 250.143 5 3486 803.755 217.396 
3 1 5319 1268.56 316.11 2 6100 1343.27 250.189 3 5763 1283.98 283.697 
2 1 5337 1271.18 349.423 2 6122 1348.96 286.579 
2 1 5353 1273.4 314.193 2 6124 1349.66 247.498 
2 1 5357 1273.99 317.96 2 6125 1350.25 251.218 
2 1 5358 1274.1 282.658 2 6123 1349.55 211.365 
2 1 5359 1274.17 312.904 2 6127 1350.73 246.155 
2 1 5361 1274.53 338.972 2 6129 1351.66 273.801 
2 1 5364 1274.92 355.74 2 6128 1351.62 293.28 
2 1 5379 1277.13 324.622 2 6132 1355.25 258.411 
3 1 5388 1279.68 286.927 2 6135 1357.52 215.524 3 5866 1300.36 249.007 
2 1 5403 1282.85 211.722 2 6115 1346.72 129.546 
2 1 5405 1283.17 340.881 2 6154 1363.94 275.039 
2 1 5409 1284.38 370.286 2 6157 1364.64 308.265 
2 1 5412 1285.71 312.669 2 6165 1366.55 243.725 
2 1 5422 1289.13 308.888 2 6178 1371.58 239.188 
2 1 5423 1289.13 308.888 2 6179 1371.58 239.188 
2 1 5425 1290.31 683.532 2 6276 1404.27 661.475 
2 1 5437 1295.42 270.911 2 6194 1379.52 195.934 
2 1 5438 1295.45 215.868 2 6155 1364.01 132.583 
3 0 4045 1212.39 286.007 1 5458 1306.8 212.983 2 6192 1379.42 127.824 
3 0 4046 1212.39 286.007 1 5459 1306.8 212.983 2 6193 1379.42 127.824 
4 1 5465 1309.55 221.947 2 6204 1383.87 137.602 3 5960 1318.36 171.995 4 4455 990.853 247.91 
3 1 5466 1310.37 223.316 2 6208 1385.19 138.92 3 5967 1320.2 173.126 
4 1 5467 1310.57 296.631 2 6256 1400.46 223.182 3 6142 1349.24 253.662 4 4722 1049.06 318.65 
3 1 5468 1310.67 311.886 2 6259 1400.97 239.871 3 6143 1349.48 269.263 
2 1 5469 1310.91 305.521 2 6257 1400.78 232.717 
2 1 5470 1311.46 326.26 2 6265 1402.57 255.841 
2 1 5478 1313.04 394.888 2 6296 1408.62 333.21 
2 1 5479 1315.43 299.193 2 6284 1406.96 225.656 
2 1 5481 1317.49 225.591 2 6237 1395.08 140.984 
3 1 5482 1317.72 410.429 2 6309 1414.98 350.092 3 6223 1363.82 374.481 
3 1 5488 1320.67 402.546 2 6314 1417.59 340.918 3 6233 1366.28 365.408 
2 1 5489 1320.92 234.477 2 6271 1403.37 150.434 
2 1 5490 1321.25 221.86 2 6252 1399.23 134.931 
2 1 5492 1322.64 357.615 2 6322 1418.64 290.099 
2 1 5493 1322.64 357.615 2 6320 1418.64 290.099 
2 1 5495 1322.64 357.615 2 6321 1418.64 290.099 
2 1 5496 1324.69 228.307 2 6278 1404.89 142.849 
3 1 5506 1333 411.353 2 6351 1434.99 349.518 3 6297 1386.33 372.812 
3 1 5507 1334.06 231.674 2 6319 1418.47 145.412 3 6195 1357.77 176.591 
2 1 5513 1338.31 685.451 2 6368 1450.48 660.847 
4 0 4071 1222.1 449.237 1 5520 1341.41 392.166 2 6366 1446.67 327.127 3 6330 1400.5 350.292 
2 1 5526 1342.19 666.085 2 6374 1452.06 638.324 
2 1 5539 1347.88 321.949 2 6372 1451.91 246.443 
2 1 5543 1351.08 520.307 2 6392 1463.14 471.549 
2 1 5551 1353.99 533.096 2 6401 1467.57 485.848 
3 0 4111 1236.07 350.524 1 5552 1355.62 281.816 2 6382 1456.19 199.638 
2 1 5561 1358.18 541.938 2 6410 1472.21 494.635 
4 0 4116 1238.69 640.097 1 5563 1358.83 600.739 2 6415 1474.04 562.069 3 6382 1423.81 578.7 
2 1 5576 1362.32 181.638 2 6361 1441.98 83.3491 
2 1 5577 1362.56 380.292 2 6407 1469.07 310.321 
2 1 5580 1363.04 659.138 2 6430 1480.56 628.178 
2 1 5584 1363.82 231.061 2 6376 1452.43 140.023 
2 1 5588 1364.03 805.738 2 6444 1489.34 796.562 
2 1 5592 1365.09 868.892 2 6458 1493.74 868.498 
3 1 5598 1366.21 207.129 2 6375 1452.41 112.569 3 6298 1386.88 141.409 
3 1 5601 1366.54 593.965 2 6433 1482.49 553.378 3 6411 1432.4 569.695 
3 0 4154 1247.36 434.832 1 5602 1366.55 373.795 2 6409 1470.64 302.436 
2 1 5603 1366.91 890.213 2 6462 1496.29 892.842 
2 1 5605 1367.23 667.707 2 6436 1486.27 637.808 
3 1 5606 1367.26 390.412 2 6416 1474.58 321.357 3 6386 1424.98 342.452 
3 0 4112 1237.19 210.512 1 5607 1367.74 126.87 2 6411 1472.32 22.7498 
3 0 4150 1246.65 410.238 1 5611 1368.22 348.85 2 6412 1473.39 275.023 
3 0 4152 1246.82 681.34 1 5612 1368.78 645.455 2 6439 1488.07 612.056 
2 1 5613 1368.82 815.425 2 6463 1496.3 806.765 
2 1 5614 1369.97 964.708 2 6476 1502.18 978.67 
2 1 5617 1370.52 892.414 2 6473 1500.16 896.055 
2 1 5628 1377.41 399.084 2 6442 1488.23 330.004 
2 1 5629 1378.44 393.429 2 6448 1490.51 323.743 
2 1 5632 1380.5 399.008 2 6456 1493.47 329.718 
3 0 4182 1257.7 467.854 1 5637 1384.11 410.031 2 6465 1497.96 342.122 
3 0 4183 1257.7 467.854 1 5638 1384.11 410.031 2 6466 1497.96 342.122 
2 1 5639 1384.26 128.704 2 6449 1491.58 22.5094 
2 1 5649 1390.71 404.09 2 6478 1503.86 335.01 
2 1 5650 1393.23 312.244 2 6472 1499.85 229.794 
2 1 5658 1410.04 270.607 2 6494 1516.33 179.914 
2 1 5673 1415.01 232.503 2 6492 1513.1 133.617 
2 1 5674 1416.53 181.462 2 6484 1505.51 74.3028 
3 0 4257 1303.15 271.929 1 5676 1417.11 186.131 2 6488 1507.18 79.5889 
3 0 4241 1290.47 484.059 1 5684 1421.67 424.066 2 6514 1540.17 352.598 
3 0 3235 932.21 915.664 1 5697 1426.01 907.509 2 6578 1568.14 910.767 
2 1 5708 1432.95 906.072 2 6592 1578.08 907.401 
2 1 5722 1443.89 295.424 2 6538 1555.54 202.016 
2 1 5723 1444.07 278.02 2 6536 1555.09 181.769 
2 1 5725 1446.88 292.072 2 6546 1559.04 197.719 
3 1 5730 1449.14 250.915 2 6534 1554.31 149.576 3 6522 1485.76 166.227 
3 1 5737 1450.68 271.837 2 6552 1560.32 173.438 3 6548 1496.94 189.441 
2 1 5740 1452.13 220.827 2 6529 1550.76 113.43 
2 1 5743 1454.08 377.814 2 6571 1566.37 295.012 
2 1 5745 1456.43 300.601 2 6587 1573.03 206.436 
3 1 5747 1457.1 213.546 2 6537 1555.5 104.173 3 6511 1478.49 120.91 
2 1 5750 1459.07 402.895 2 6594 1578.84 324.333 
2 1 5751 1460.96 223.92 2 6564 1563.14 115.991 
3 1 5752 1461.02 188.402 2 6539 1555.92 74.0698 3 6507 1474.72 91.4742 
1 1 5754 1461.35 277.64 
2 1 5760 1465.45 421.818 2 6607 1592.4 345.371 
3 1 5761 1465.96 279.346 2 6601 1587.22 181.073 3 6758 1591.9 204.455 
2 1 5772 1473.99 924.264 2 6624 1609.97 929.632 
2 1 5773 1474.67 131.883 2 6614 1599.8 10.5669 
3 0 4393 1351.4 946.63 1 5776 1475.93 940.967 2 6632 1613.05 949.332 
3 1 5782 1479 937.79 2 6635 1616.62 945.612 3 6626 1539.83 966.936 
3 1 5783 1479.2 943.583 2 6637 1617.24 952.397 3 6628 1540.2 974.128 
4 0 4416 1355.75 1074.79 1 5785 1479.95 1084.66 2 6648 1623.87 1118.15 3 6637 1543.85 1145.08 
2 1 5792 1482.62 1162.9 2 6665 1629.62 1210.85 
2 1 5806 1485.38 1078.86 2 6669 1630.19 1111.23 
3 1 5815 1489.38 1099.19 2 6687 1636.24 1135.66 3 6692 1556.62 1164.21 
2 1 5817 1491.1 400.952 2 6651 1624.85 317.919 
2 1 5819 1493.05 136.869 2 6655 1626.12 13.3385 
5 1 5824 1498.52 220.22 2 6636 1616.64 106.264 3 6678 1551.59 117.942 4 5154 1162.83 128.156 5 4202 970.675 90.2269 
3 1 5825 1499.17 146.303 2 6693 1637.29 23.8442 3 6778 1601.32 40.5891 
2 1 5832 1501.25 396.501 2 6689 1636.59 312.265 
2 1 5833 1501.85 308.043 2 6698 1639.79 209.381 
3 0 3379 1030.68 912.818 1 5835 1503.46 904.87 2 6726 1658.89 905.412 
3 1 5836 1504.5 399.139 2 6701 1641.65 314.133 3 6756 1591.08 322.61 
3 1 5838 1504.93 972.849 2 6723 1656.95 985.687 3 6752 1589.81 1009.07 
3 1 5839 1504.99 245.267 2 6664 1629.52 134.906 3 6715 1569.31 145.324 
6 1 5851 1516.03 250.138 2 6707 1645.02 138.893 3 6749 1587.3 148.027 4 5204 1209.79 147.285 5 4251 1011.46 105.101 6 2916 780.307 195.237 
2 1 5857 1519.24 321.965 2 6735 1665.1 222.897 
3 1 5862 1521.9 217.751 2 6714 1648.03 99.9653 3 6746 1586.38 109.052 
3 1 5863 1521.9 217.751 2 6715 1648.03 99.9653 3 6747 1586.38 109.052 
2 1 5867 1524.08 249.56 2 6721 1656.49 136.886 
3 1 5886 1531.89 222.568 2 6727 1662.97 104.088 3 6790 1604.53 111.939 
3 1 5887 1531.89 222.568 2 6728 1662.97 104.088 3 6791 1604.53 111.939 
2 1 5888 1532.1 235.265 2 6737 1667.04 119.328 
2 1 5909 1535.59 934.881 2 6862 1701.12 938.724 
4 1 5914 1536.75 970.954 2 6894 1705.23 981.942 3 6891 1650.42 1005.9 4 5299 1259.46 1118.58 
4 1 5932 1540 206.115 2 6745 1671.04 83.6178 3 6859 1636.37 94.6471 4 2212 342.198 249.97 
2 1 6070 1564.44 970.023 2 7229 1747.53 979.89 
2 1 6146 1576.93 738.649 2 7628 1794.38 706.058 
2 1 6195 1587.57 731.151 2 7752 1809.6 695.053 
2 1 6208 1588.33 876.648 2 7823 1818.64 865.968 
2 1 6220 1589.84 1145.18 2 7584 1790.02 1187.91 
2 1 6233 1591.9 748.362 2 7807 1816.65 715.854 
2 1 6243 1593.09 789.704 2 7839 1820.56 763.195 
2 1 6244 1593.09 789.704 2 7840 1820.56 763.195 
3 1 6258 1594.56 779.908 2 7844 1821.8 752.108 3 8025 1844.13 765.911 
3 1 6259 1594.97 622.632 2 7809 1817.04 567.775 3 8005 1841.57 574.826 
2 1 6281 1598.19 655.463 2 7849 1822.53 605.969 
4 1 6282 1598.19 655.463 2 7850 1822.53 605.969 3 8053 1847.48 614.85 4 6815 1699.45 612.602 
2 1 6316 1602.14 778.294 2 7919 1832.68 749.271 
2 1 6326 1602.81 827.905 2 7933 1835.35 807.986 
3 1 6336 1603.95 791.059 2 7945 1836.06 764.823 3 8234 1862.12 779.103 
2 1 6338 1604.07 686.841 2 7905 1830.2 642.024 
2 1 6360 1605.42 697.527 2 7908 1831.01 654.658 
2 1 6373 1606.65 891.894 2 8001 1843.3 883.682 
2 1 6416 1610.78 763.294 2 8006 1843.84 732.29 
3 1 6435 1613.22 775.193 2 8021 1846.27 745.162 3 8343 1872.64 758.172 
3 0 4829 1394.67 761.442 1 6438 1613.43 730.33 2 8008 1844.16 692.056 
2 1 6479 1617.8 962.19 2 8140 1861.99 965.761 
2 1 6484 1618.3 1034.2 2 8170 1864.99 1051.49 
2 1 6486 1618.56 1022.48 2 8184 1866.2 1037.52 
2 1 6505 1620.67 757.965 2 8073 1854.12 724.442 
2 1 6508 1620.99 946.081 2 8169 1864.53 946.462 
2 1 6519 1622.14 727.758 2 8077 1854.56 688.357 
2 1 6532 1623.4 791.078 2 8115 1859.74 763.514 
3 1 6535 1623.58 995.093 2 8223 1870.11 1004.53 3 8648 1896.39 1029.5 
2 1 6545 1624.7 802.28 2 8144 1862.11 776.98 
2 1 6547 1624.96 773.115 2 8114 1859.55 742.409 
2 1 6554 1625.36 837.636 2 8165 1864.3 817.774 
3 0 4934 1402.16 807.987 1 6555 1625.4 783.083 2 8161 1863.79 753.805 
2 1 6559 1625.44 890.326 2 8192 1866.6 880.631 
2 1 6567 1626.12 654.736 2 8128 1861.24 602.242 
2 1 6572 1626.71 821.065 2 8175 1865.48 797.739 
2 1 6573 1626.71 821.065 2 8176 1865.48 797.739 
3 1 6574 1626.9 915.723 2 8219 1869.57 910.419 3 8630 1895.17 931.559 
3 0 4986 1405.97 885.884 1 6577 1627.1 870.486 2 8207 1867.87 856.893 
2 1 6579 1627.41 735.677 2 8155 1863.26 698.268 
2 1 6584 1627.96 955.662 2 8242 1872.97 958.041 
2 1 6597 1629.18 979.908 2 8265 1875.88 987.354 
3 1 6604 1629.78 772.421 2 8201 1867.43 740.796 3 8625 1894.55 753.288 
2 1 6609 1630.08 1022.54 2 8304 1879.9 1037.5 
3 1 6612 1630.31 795.8 2 8222 1870.09 768.233 3 8684 1898.92 781.804 
2 1 6631 1631.87 974.29 2 8298 1879.48 980.259 
2 1 6645 1632.95 804.099 2 8248 1874.17 778.122 
2 1 6650 1633.85 1013.43 2 8333 1883.18 1026.49 
2 1 6663 1634.84 1036.39 2 8336 1883.36 1054.06 
2 1 6664 1634.96 776.913 2 8250 1874.29 745.986 
2 1 6665 1634.96 776.913 2 8251 1874.29 745.986 
2 1 6674 1635.8 917.963 2 8329 1882.54 912.632 
2 1 6677 1636.08 1050.37 2 8354 1885.12 1070.58 
3 1 6678 1636.26 824.484 2 8308 1880.16 801.852 3 8816 1910.89 817.211 
2 1 6689 1636.89 1041.11 2 8352 1885.03 1059.23 
2 1 6696 1637.41 725.4 2 8261 1875.63 685.564 
2 1 6697 1637.41 725.4 2 8262 1875.63 685.564 
2 1 6699 1637.65 804.43 2 8325 1881.44 778.134 
3 1 6700 1637.7 1005.9 2 8379 1887.51 1017.35 3 8853 1913.9 1043.76 
3 1 6702 1638.01 781.637 2 8290 1878.54 750.972 3 8778 1907.14 763.704 
3 1 6703 1638.01 781.637 2 8289 1878.54 750.972 3 8779 1907.14 763.704 
2 1 6730 1640.54 743.626 2 8320 1881.14 705.986 
3 0 2263 596.03 593.684 1 6731 1640.54 743.626 2 8321 1881.14 705.986 
2 1 6788 1645.86 1033.29 2 8442 1896.6 1050.63 
2 1 6793 1646.06 992.621 2 8481 1900.53 1001.08 
2 1 6807 1647.14 805.41 2 8433 1895.52 778.631 
3 1 6823 1649.02 1114.61 2 8494 1901.71 1147.92 3 8911 1919.42 1183.35 
2 1 6831 1649.36 689.112 2 8445 1896.78 640.972 
2 1 6856 1651.84 805.581 2 8505 1903.04 778.688 
2 1 6880 1654.33 925.972 2 8585 1912.69 921.609 
2 1 6896 1655.29 787.911 2 8534 1906 757.227 
2 1 6902 1655.55 993.603 2 8609 1915.88 1002.11 
2 1 6928 1658.21 720.37 2 8551 1907.63 678.118 
2 1 6946 1659.6 879.548 2 8647 1919.59 865.997 
2 1 6965 1661.15 733.376 2 8590 1913.22 691.844 
2 1 6966 1661.15 733.376 2 8591 1913.22 691.844 
2 1 6976 1661.98 825.069 2 8657 1920.03 801.127 
2 1 7026 1665.23 729.772 2 8635 1919.06 687.882 
2 1 7038 1666.01 706.38 2 8645 1919.55 660.3 
2 1 7051 1666.55 992.988 2 8797 1932 1000.87 
2 1 7057 1666.94 929.006 2 8781 1930.96 924.935 
2 1 7067 1667.29 917.037 2 8778 1930.91 910.049 
2 1 7089 1668.64 885.517 2 8779 1930.96 872.064 
4 0 5279 1431.25 972.973 1 7107 1669.76 969.053 2 8830 1936.44 972.185 3 9463 1979.42 997.125 
2 1 7133 1672.37 721.491 2 8747 1927.96 678.08 
2 1 7273 1689.58 1113.21 2 9007 1965.48 1145.09 
2 1 7422 1703.96 1049.54 2 9144 1985.09 1068.31 
2 1 7696 1727.59 173.495 2 9595 2052.67 27.8377 
2 1 7713 1728.87 1031.3 2 9507 2043.18 1043.35 
2 1 7742 1731.64 191.638 2 9649 2059.52 49.3944 
2 1 7761 1733.24 179.539 2 9662 2061.31 34.9902 
2 1 7795 1736.86 175.758 2 9689 2064.84 29.7412 
2 1 7825 1740.32 268.012 2 9781 2076.57 136.28 
2 1 7883 1747.27 175.644 2 9801 2078.3 28.0693 
2 1 7945 1755.26 188.271 2 9910 2091.58 41.2806 
2 1 7953 1755.76 160.623 2 9869 2086.29 7.52531 
2 1 8119 1774.27 286.77 2 10116 2117.5 153.42 
3 0 5348 1441.16 371.93 1 8120 1774.27 286.77 2 10117 2117.5 153.42 
2 1 8162 1780.27 331.356 2 10190 2127.51 206.966 
2 1 8184 1784.24 283.438 2 10210 2130.25 147.661 
2 1 8186 1784.52 347.488 2 10240 2133.61 224.552 
2 1 8225 1789.48 321.182 2 10309 2141.38 192.371 
2 1 8244 1792.63 291.204 2 10322 2142.56 156.085 
2 1 8264 1795.99 319.042 2 10370 2149.6 188.496 
2 1 8279 1798.77 298.491 2 10378 2150.66 164.319 
2 1 8300 1806.32 466.74 2 10435 2169.6 364.079 
2 1 8307 1809.15 466.624 2 10451 2173 363.449 
2 2 1403 152.15 678.693 3 977 118.134 716.187 
2 2 1477 159.428 597.497 3 3104 608.624 951.649 
2 2 1522 164.103 1274.71 3 808 93.3083 1209.15 
2 2 1523 164.103 1274.71 3 807 93.3083 1209.15 
2 2 1682 188.664 829.281 3 1117 143.31 840.492 
2 2 1799 211.665 1072.15 3 1167 152.126 1043.04 
2 2 1800 211.665 1072.15 3 1168 152.126 1043.04 
2 2 1838 221.462 1041.67 3 1220 161.341 1017.59 
2 2 1881 231.544 821.925 3 1283 178.456 835.458 
2 2 1886 232.121 689.892 3 1282 178.151 724.41 
2 2 1920 241.067 784.376 3 1310 187.142 803.299 
2 2 1938 244.317 564.08 3 1331 191.649 619.719 
2 2 1950 246.848 1375.3 3 1190 156.968 1299.02 
3 2 1974 250.024 721.563 3 1344 194.352 750.774 4 7101 1803.46 816.058 
2 2 1985 253.095 784.989 3 1355 196.949 803.919 
2 2 2043 264.73 784.373 3 1396 206.687 803.269 
2 2 2051 265.603 728.747 3 1401 207.089 756.634 
2 2 2068 269.832 1181.02 3 1348 194.766 1136.94 
2 2 2152 298.032 875.149 3 1556 230.013 879.846 
2 2 2177 302.627 913.804 3 1566 232.819 912.889 
2 2 2219 311.73 1176.62 3 1557 230.252 1135.37 
2 2 2221 312.489 960.515 3 1601 238.648 952.331 
2 2 2222 312.949 1272.52 3 1431 214.554 1216.81 
2 2 2244 319.761 881.514 3 1649 245.977 1041.31 
2 2 2248 321.038 837.926 3 1734 256.129 848.688 
2 2 2523 392.312 620.938 3 2131 329.501 664.098 
2 2 2612 408.81 626.696 3 2196 343.331 668.605 
2 2 2616 409.167 606.559 3 2197 343.484 651.583 
2 2 2856 449.414 624.135 3 2308 378.071 665.614 
2 2 2917 458.315 605.721 3 2338 385.06 649.676 
2 2 2980 469.056 605.642 3 2382 394.054 649.588 
2 2 2996 472.223 612.138 3 2399 397.495 654.722 
2 2 3037 478.451 606.666 3 2421 402.162 649.982 
2 2 3142 493.732 632.108 3 2488 416.641 671.561 
2 2 3170 499.42 594.506 3 2495 418.551 638.862 
2 2 3372 548.786 41.4282 3 3795 899.891 1106.05 
2 2 3391 552.591 598.385 3 2658 465.283 640.902 
1 2 3452 565.943 614.439 
2 2 3453 565.975 614.109 3 2694 479.666 654.561 
1 2 3607 604.728 78.0502 
2 2 3721 632.972 819.48 3 2845 535.658 834.66 
2 2 3752 639.819 643.102 3 2867 547.67 677.901 
2 2 3774 646.096 808.647 3 2866 547.493 824.939 
2 2 3812 670.48 702.3 3 2926 572.921 729.807 
2 2 3825 677.37 794.439 3 2933 575.527 812.485 
2 2 3851 683.782 599.163 3 2973 583.922 637.879 
2 2 3958 721.614 607.581 3 3119 615.052 644.459 
2 2 4097 800.511 1187.71 3 3124 618.18 1173.5 
2 2 4101 807.494 1124.98 3 3131 627.152 1115.95 
2 2 4111 820.109 1025.44 3 3191 644.072 1024.89 
2 2 4126 833.437 1268.91 3 3206 647.475 1250.41 
2 2 4128 833.437 1268.91 3 3208 647.475 1250.41 
2 2 4137 840.737 1027.25 3 3245 664.855 1027.54 
2 2 4150 848.776 1026.54 3 3256 672.975 1026.94 
3 2 4155 852.151 984.312 3 3258 676.641 987.967 4 2331 362.419 1074.92 
2 2 4160 854.624 1045.73 3 3262 679.048 1045.07 
3 2 4194 880.061 912.795 3 5134 1160.77 423.697 4 5258 1238.14 1007.4 
2 2 4201 884.216 989.136 3 3289 708.648 993.403 
3 2 4239 906.359 1030.22 3 3310 731.167 1032.4 4 2490 396.768 1112.66 
3 2 4240 906.359 1030.22 3 3311 731.167 1032.4 4 2491 396.768 1112.66 
2 2 4243 907.519 1041.49 3 3317 732.437 1042.98 
2 2 4257 918.52 1192.71 3 3326 735.967 1185.11 
2 2 4258 918.52 1192.71 3 3327 735.967 1185.11 
2 2 4267 925.869 1023 3 3361 751.087 1026.52 
2 2 4273 933.121 1040.33 3 3373 758.582 1042.81 
2 2 4274 933.358 1019.61 3 3372 758.576 1023.56 
2 2 4278 936.612 984.555 3 3388 762.547 990.9 
2 2 4279 937.237 1016.88 3 3384 762.091 1021 
2 2 4281 940.452 1014.79 3 3392 765.539 1019.21 
4 2 4290 946.545 1028.66 3 3401 771.938 1032.34 4 2522 424.612 1113.77 5 2076 395.959 1000.65 
2 2 4296 951.1 984.862 3 3414 777.73 991.504 
3 2 4311 962.757 975.013 3 3432 791.016 982.435 4 2540 437.622 1071.82 
2 2 4317 964.444 42.6419 3 3499 842.84 120.712 
2 2 4319 966.083 1041.65 3 3434 792.961 1045.52 
2 2 4336 978.85 975.49 3 3446 806.776 983.459 
2 2 4341 983.13 982.471 3 3448 810.828 990.273 
2 2 4376 992.968 1036.55 3 3460 820.795 1041.58 
2 2 4384 994.352 980.124 3 3464 822.918 988.265 
2 2 4429 1003.96 126.415 3 3620 873.371 191.259 
2 2 4464 1008.44 1036.01 3 3486 836.273 1041.03 
2 2 4465 1008.44 1036.01 3 3487 836.273 1041.03 
2 2 4525 1021.51 911.555 3 3816 902.025 851.32 
2 2 4533 1027.6 141.281 3 3950 946.427 206.81 
3 2 4534 1027.6 141.281 3 3951 946.427 206.81 4 3213 675.806 372.023 
2 2 4537 1030.55 216.434 3 3948 946.249 274.583 
2 2 4540 1031.37 139.752 3 3979 949.881 205.078 
2 2 4843 1079.41 65.3068 3 4258 987.389 131.948 
2 2 4862 1081.83 194.827 3 4342 1000.9 251.055 
2 2 4880 1083.88 1027.09 3 6096 1340.8 1024.78 
2 2 4954 1090.85 64.3648 3 4331 998.639 130.024 
2 2 5104 1113.82 206.317 3 4531 1034.35 258.806 
2 2 5107 1114.12 343.281 3 4478 1026.38 385.994 
2 2 5251 1148.67 70.4731 3 4664 1060.09 130.013 
2 2 5259 1151.54 64.1801 3 4679 1063.19 123.995 
2 2 5283 1156.81 40.6194 3 4682 1064.17 101.535 
2 2 5293 1159.55 84.8503 3 4713 1071.88 142.248 
3 2 5353 1172.78 86.9347 3 4803 1085.86 142.967 4 3537 768.706 284.498 
2 2 5385 1183.1 90.0307 3 4865 1097.26 144.966 
2 2 5481 1206.61 89.9465 3 4950 1121.75 142.504 
2 2 5498 1210.85 96.8215 3 4964 1127.13 148.694 
2 2 5527 1214.42 330.692 3 5007 1138.06 367.555 
2 2 5528 1214.42 330.692 3 5008 1138.06 367.555 
2 2 5603 1227.27 210.06 3 5099 1156.25 253.628 
2 2 5604 1227.27 210.06 3 5100 1156.25 253.628 
3 2 5628 1231.68 196.856 3 5141 1161.46 240.949 4 3904 860.836 354.508 
2 2 5634 1232.32 303.62 3 5091 1154.69 341.199 
3 2 5680 1242.61 103.678 3 5138 1161.31 152.176 4 3791 836.648 273.197 
2 2 5707 1246.63 63.3325 3 5147 1161.95 113.968 
2 2 5708 1246.63 63.3325 3 5148 1161.95 113.968 
2 2 5766 1254.74 102.535 3 5241 1174.08 149.822 
2 2 5775 1257.42 229.983 3 5326 1188.73 269.989 
2 2 5776 1257.42 229.983 3 5327 1188.73 269.989 
2 2 5819 1267.57 109.918 3 5329 1188.82 155.844 
3 2 5826 1270 69.1816 3 5316 1186.79 117.144 4 3865 851.115 234.145 
3 2 5827 1270 69.1816 3 5317 1186.79 117.144 4 3866 851.115 234.145 
3 2 5853 1275.72 111.569 3 5357 1197.35 156.475 4 3940 870.453 267.382 
2 2 5880 1279.96 71.7359 3 5358 1197.75 118.597 
2 2 5881 1279.96 71.7359 3 5359 1197.75 118.597 
2 2 5908 1289.33 105.288 3 5406 1213.19 149.521 
2 2 5909 1289.33 105.288 3 5407 1213.19 149.521 
2 2 5919 1293.23 196.379 3 5493 1229.07 235.905 
2 2 5976 1307.78 109.68 3 5518 1232.41 151.914 
2 2 6065 1330.18 84.817 3 5638 1253.58 126.275 
2 2 6149 1360.92 229.957 3 5885 1304.52 262.389 
2 2 6238 1396.01 241.162 3 6113 1344.03 270.674 
3 2 6269 1403.02 436.203 3 6122 1346.14 458.359 4 4620 1032.41 532.267 
2 2 6272 1403.58 270.834 3 6163 1351.76 298.529 
2 2 6316 1417.73 8.81406 3 6252 1371.06 49.7006 
2 2 6328 1423.02 16.7465 3 6273 1377.73 56.7867 
2 2 6350 1433.8 17.2881 3 6306 1389.91 56.3626 
2 2 6399 1465.65 26.6957 3 6388 1426.05 62.2143 
2 2 6400 1465.65 26.6957 3 6389 1426.05 62.2143 
2 2 6453 1492.38 743.057 3 6443 1441.3 759.579 
2 2 6470 1499 932.687 3 6460 1445.22 950.988 
2 2 6480 1504.31 1022.12 3 6469 1447.88 1041.38 
2 2 6562 1563.04 183.971 3 6567 1503.37 200.23 
3 2 6569 1566.35 77.1152 3 6526 1488.08 93.531 4 4858 1079.68 127.159 
2 2 6612 1597.23 100.205 3 6598 1529.79 113.904 
2 2 6626 1610.98 940.911 3 6610 1534.43 962.615 
2 2 6633 1613.74 90.3714 3 6641 1544.35 102.43 
2 2 6644 1620.21 957.838 3 6636 1543.79 980.043 
5 2 6666 1629.77 95.0331 3 6705 1564.89 105.801 4 5161 1170.07 111.569 5 4206 973.714 73.9998 6 2870 747.731 169.893 
2 2 6667 1629.77 95.0331 3 6706 1564.89 105.801 
2 2 6675 1631.65 129.891 3 6720 1570.8 139.791 
2 2 6676 1631.66 109.816 3 6717 1570.31 120.278 
3 2 6699 1641.11 978.967 3 6714 1569.07 1001.95 4 5142 1151.61 1111.31 
2 2 6702 1642.83 1193.1 3 6700 1561.04 1224.09 
2 2 6710 1645.32 169.594 3 6795 1607.08 180.732 
2 2 6711 1645.78 210.543 3 6785 1602.3 220.398 
2 2 6722 1656.95 985.687 3 6751 1589.81 1009.07 
5 2 6740 1669.33 145.338 3 6813 1617.84 152.67 4 5274 1249.08 140.92 5 4302 1044.22 96.1365 6 2954 803.726 184.725 
2 2 6741 1669.35 141.106 3 6812 1616.86 148.463 
5 2 6779 1684.2 149.301 3 6857 1635.46 155.245 4 5328 1271.3 137.222 5 4330 1063.52 90.58 6 2970 818.676 177.563 
3 2 6863 1701.12 938.724 3 6880 1645.82 960.355 4 5285 1253.44 1064.9 
2 2 6899 1705.6 978.598 3 6893 1650.89 1002.45 
2 2 6995 1721.09 694.9 3 7277 1720.01 707.997 
2 2 7012 1723.24 689.161 3 7286 1721.4 702.148 
2 2 7107 1734.83 976.029 3 7046 1687.19 1000.16 
2 2 7210 1745.86 986.02 3 7138 1701.57 1010.69 
2 2 7233 1748.36 663.663 3 7460 1750.61 675.23 
2 2 7276 1754.1 1028.95 3 7198 1710.4 1056.25 
2 2 7277 1754.1 1028.95 3 7199 1710.4 1056.25 
2 2 7290 1755.77 1049.68 3 7218 1711.78 1077.63 
2 2 7291 1755.77 1049.68 3 7219 1711.78 1077.63 
2 2 7347 1761.17 1051.86 3 7266 1718.19 1079.93 
2 2 7348 1761.17 1051.86 3 7267 1718.19 1079.93 
2 2 7377 1766.59 688.107 3 7624 1776.59 700.317 
2 2 7406 1770.32 823.651 3 7706 1794.99 839.836 
2 2 7420 1773.05 681.8 3 7650 1782.43 693.771 
2 2 7440 1775.33 838.046 3 7737 1801.08 855.313 
3 2 7464 1778.7 696.202 3 7692 1791.96 708.69 4 6520 1609.04 742.188 
2 2 7511 1783.49 873.303 3 7786 1810.06 891.827 
2 2 7597 1790.97 925.682 3 7831 1817.07 946.107 
2 2 7666 1798.73 84.4503 3 9107 1942.67 109.842 
2 2 7692 1801.27 699.181 3 7861 1820.67 711.112 
4 2 7700 1802.02 694.897 3 7865 1821.19 706.636 4 6656 1654.45 734.977 5 5470 1431.64 659.321 
2 2 7824 1818.96 714.401 3 8008 1841.69 726.864 
1 2 7951 1836.87 859.939 
3 2 7994 1841.88 915.449 3 8274 1865.5 935.782 4 6865 1719.71 1028.94 
2 2 8016 1845.71 799.409 3 8348 1872.87 815.118 
2 2 8041 1849.47 809.581 3 8385 1875.95 825.018 
2 2 8053 1851.2 852.782 3 8413 1878.32 871.118 
2 2 8072 1853.95 1041.63 3 8398 1877.37 1069.06 
2 2 8081 1854.98 1065.39 3 8400 1877.58 1093.92 
2 2 8099 1857.72 1053.21 3 8462 1881.94 1080.95 
2 2 8129 1861.24 602.242 3 8603 1893.03 609.44 
2 2 8157 1863.42 852.989 3 8556 1889.25 871.04 
2 2 8195 1866.71 731.728 3 8627 1894.62 743.561 
2 2 8224 1870.18 744.208 3 8666 1897.95 756.704 
2 2 8232 1871.94 1030.8 3 8668 1898 1058.16 
2 2 8280 1877.62 1153.78 3 8655 1896.83 1188.03 
2 2 8291 1878.6 856.662 3 8787 1908.37 874.753 
2 2 8387 1888.59 728.124 3 8919 1920.46 739.708 
3 2 8407 1891.51 1036.65 3 8918 1920.29 1064.61 4 7071 1792.64 1203.95 
2 2 8414 1892.24 912.413 3 8942 1922.21 933.441 
3 2 8431 1895.36 1108.96 3 8852 1913.68 1141.47 4 6947 1743.91 1306.34 
2 2 8464 1898.69 1142.61 3 8891 1916.66 1177.15 
2 2 8507 1903.22 642.875 3 9124 1944.77 649.967 
2 2 8612 1916.04 795.324 3 9254 1958.64 810.131 
2 2 8625 1918.06 820.369 3 9281 1961.09 836.352 
2 2 8633 1919.04 1071.45 3 9137 1946.1 1102.61 
2 2 8634 1919.04 1071.45 3 9138 1946.1 1102.61 
3 2 8656 1920.03 801.127 3 9305 1962.69 816.188 4 7541 1874.97 864.069 
2 2 8704 1924.03 873.462 3 9348 1967.66 892.146 
2 2 8716 1924.65 854.721 3 9346 1967.6 872.659 
3 2 8726 1925.4 862.917 3 9350 1967.72 881.237 4 7545 1876.06 874.56 
2 2 8763 1929.89 672.708 3 9403 1972.8 680.621 
2 2 8764 1929.89 672.708 3 9404 1972.8 680.621 
2 2 8887 1944.41 940.501 3 9547 1988.32 962.12 
2 2 9253 1998.9 997.959 3 10602 2165.89 1019.86 
2 2 9353 2021.64 1052.22 3 10255 2109.03 1082.22 
2 0 1226 306.92 983.649 1 505 50.1667 1005.18 
2 0 2811 760.62 954.703 1 777 80.9416 1018.76 
2 0 2003 534.643 1349.15 1 2360 261.878 1335.55 
2 0 2019 536.357 1229.97 1 2392 267.329 1218.17 
2 0 2023 536.726 1024.69 1 2529 300.128 1014.73 
2 0 2049 537.803 800.237 1 2561 306.984 792.824 
2 0 2121 548.227 739.265 1 2615 319.527 731.888 
2 0 2131 549.747 582.529 1 2643 327.149 579.37 
2 0 2274 598.874 653.473 1 2836 377.168 645.347 
1 1 2846 382.066 610.9 
2 0 2306 608.502 926.209 1 2901 398.453 917.497 
2 0 2344 620.193 693.799 1 2944 413.362 685.433 
2 0 2373 635.846 567.821 1 3013 437.445 558.566 
2 0 2398 642.713 654.865 1 3035 442.59 645.386 
2 0 2467 653.917 1053.94 1 3109 458.357 1045.78 
2 0 2460 653.055 919.982 1 3121 460.041 911.165 
2 0 2465 653.801 957.165 1 3124 460.366 948.141 
2 0 2458 652.989 883.089 1 3126 460.68 874.119 
2 0 665 176.636 1033.71 1 3482 596.458 587.824 
2 0 2871 769.846 597.531 1 3586 638.815 580.561 
2 0 2620 707.013 116.366 1 3694 668.599 156.574 
2 0 2816 760.902 862.859 1 3717 671.923 851.713 
2 0 2817 760.902 862.859 1 3718 671.923 851.713 
2 0 2844 763.868 867.619 1 3732 674.778 856.477 
2 0 2892 784.837 368.277 1 3733 674.964 343.894 
2 0 2866 768.825 1023.84 1 3735 676.576 1016.78 
2 0 2863 768.576 232.161 1 3757 690.072 200.345 
2 0 2968 823.637 1090.36 1 3788 712.451 1085.48 
2 0 2919 810.9 216.027 1 3791 712.935 184.243 
1 1 3795 713.432 1003.28 
2 0 2966 823.277 1010.69 1 3797 713.785 1002.14 
2 0 2937 816.738 229.793 1 3829 722.207 197.589 
2 0 2995 839.193 708.559 1 3865 742.752 689.2 
2 0 3003 840.89 811.293 1 3867 742.948 800.611 
2 0 3042 847.849 1105.07 1 3875 746.714 1103.44 
2 0 3033 846.969 859.871 1 3894 753.985 772.977 
2 0 3039 847.497 860.372 1 3895 753.985 772.977 
2 0 3062 850.636 775.492 1 3907 757.42 760.985 
2 0 3076 852.151 779.904 1 3928 758.838 765.561 
2 0 3031 846.607 176.688 1 3929 758.929 138.081 
2 0 3082 853.079 843.072 1 3930 759.09 830.76 
2 0 3096 855.284 613.775 1 3936 759.892 591.647 
2 0 3109 858.029 1068.54 1 3941 760.142 1065.47 
2 0 3043 848.097 497.698 1 3945 760.369 471.971 
2 0 3129 869.748 219.412 1 3984 777.538 179.832 
2 0 3125 868.37 234.821 1 3988 777.849 196.085 
2 0 3182 899.149 228.152 1 4017 821.224 186.12 
1 1 4053 867.626 1258.53 
1 1 4066 874.519 1263.87 
2 0 3319 997.936 955.888 1 4084 877.982 950.884 
1 1 4123 883.624 893.438 
2 0 3359 1011.71 1237.12 1 4131 887.988 1249.94 
2 0 4325 1340.56 456.518 1 4137 892.674 142.984 
2 0 3331 1002.8 118.715 1 4148 901.252 46.5037 
2 0 3382 1033.61 165.902 1 4281 979.114 103.213 
2 0 3406 1050.15 286.278 1 4300 986.61 228.777 
2 0 4077 1224.49 1274.99 1 4306 991.159 1321.74 
2 0 3471 1074.44 236.447 1 4379 1031.05 173.596 
2 0 3593 1091.79 913.266 1 4437 1044.63 905.168 
2 0 3592 1091.63 898.353 1 4442 1046.28 887.331 
1 1 4449 1047.84 1039.99 
2 0 6657 1737.22 413.455 1 4489 1053.61 517.913 
2 0 3669 1109.27 1090 1 4498 1055.8 1096.84 
2 0 3697 1116 928.589 1 4565 1073.06 922.788 
2 0 3698 1116 928.589 1 4566 1073.06 922.788 
2 0 3719 1120.48 188.023 1 4850 1137.26 110.536 
1 1 4895 1150.64 130.296 
2 0 3685 1112.94 391.799 1 4925 1166.72 338.749 
2 0 3682 1112.14 445.293 1 4926 1166.98 396.534 
2 0 3728 1121.8 414.811 1 4965 1176.61 362.843 
2 0 3847 1143.16 205.316 1 5006 1186.67 132.281 
1 1 5009 1187.44 146.142 
2 0 3913 1162.13 155.139 1 5226 1248.69 76.0354 
2 0 3914 1162.13 155.139 1 5227 1248.69 76.0354 
2 0 2757 745.855 1101.73 1 5362 1274.61 1101.52 
2 0 4021 1193.63 1074.47 1 5464 1308.7 1078.11 
2 0 4037 1207.42 192.12 1 5491 1321.27 110.795 
2 0 4062 1219.57 1081.67 1 5503 1332.02 1086.78 
2 0 4084 1227.26 430.641 1 5530 1345.68 371.063 
2 0 4113 1237.69 1072.68 1 5545 1351.76 1077.92 
2 0 4143 1244.22 1074.04 1 5562 1358.25 1080.6 
2 0 4119 1239.02 678.573 1 5564 1359.18 642.661 
2 0 4248 1293.47 356.935 1 5565 1359.19 616.097 
2 0 4120 1239.18 354.568 1 5566 1359.32 285.739 
2 0 4101 1232.87 211.286 1 5575 1362.08 128.82 
2 0 4157 1248.77 1055.12 1 5609 1367.82 1058.99 
2 0 4148 1246.09 853.126 1 5610 1367.91 835.979 
2 0 4171 1251.51 213.66 1 5640 1384.26 128.704 
2 0 4236 1286.87 275.904 1 5654 1401.19 192.572 
2 0 4249 1293.93 269.872 1 5655 1406.52 185.402 
2 0 4278 1318.51 348.839 1 5724 1446.19 270.825 
2 0 4290 1324.37 332.079 1 5731 1449.26 251.114 
2 0 4387 1349.9 940.129 1 5774 1474.68 933.902 
2 0 4458 1362.08 1142.56 1 5810 1487.12 1161.6 
2 0 3774 1129.73 209.71 1 5970 1547.29 242.563 
1 1 6095 1569.02 1017.67 
2 0 3645 1103.58 1060.13 1 6100 1569.23 1023.09 
2 0 2949 819.397 646.735 1 6166 1581.76 733.546 
2 0 4973 1404.81 843.631 1 6562 1625.9 822.985 
2 0 3324 999.54 1249.54 1 6766 1643.23 1119.84 
2 0 6454 1689.51 415.757 1 6859 1651.91 828.628 
2 0 5136 1420.15 715.67 1 6900 1655.49 677.911 
2 0 5235 1427.13 891.969 1 7018 1664.48 877.11 
2 0 2559 677.69 886.256 1 7898 1749.51 1042.31 
2 0 5742 1540.19 485.6 1 8613 1883.12 405.957 
2 0 5743 1540.19 485.6 1 8614 1883.12 405.957 
2 0 5799 1551.83 480.025 1 8672 1896.44 398.931 
2 0 5893 1571.29 392.146 1 8808 1923.81 293.166 
2 0 6001 1592.66 367.111 1 8930 1950.3 262.764 
2 0 6290 1652.96 360.466 1 9289 2024.63 247.204 
2 0 6631 1730.36 428.917 1 9746 2166.36 298.823 
2 3 999 120.564 723.116 4 650 121.027 880.573 
3 3 1229 163.502 738.794 4 7046 1773.16 806.641 5 5769 1528.78 730.958 
4 3 1479 220.871 667.466 4 7137 1817.78 732.066 5 5892 1575.15 655.467 6 4774 1260.22 695.31 
2 3 1480 220.871 667.466 4 7138 1817.78 732.066 
2 3 1565 232.819 912.889 4 1204 173.701 1015.5 
2 3 1568 232.999 797.651 4 1362 184.995 928.907 
2 3 1632 243.699 656.183 4 1392 188.056 825.899 
2 3 1652 246.006 396.082 4 305 64.6278 474.397 
2 3 1959 290.924 822.423 4 5875 1437.81 902.101 
1 3 2004 300.491 470.358 
3 3 2055 313.356 966.356 4 6476 1599.09 720.396 5 5301 1376.77 645.502 
2 3 2098 324.435 971.621 4 1823 263.967 1059.45 
2 3 2111 327.198 1053.15 4 1832 265.132 1121.9 
2 3 2121 327.982 974.301 4 1847 267.002 1061.26 
1 3 2145 331.372 977.146 
2 3 2309 378.465 1037.09 4 4204 931.925 1112.85 
2 3 2332 384.174 669.554 4 1902 277.539 827.851 
2 3 2373 391.873 668.167 4 1940 282.166 825.961 
2 3 2379 393.874 1176.76 4 4207 933.583 1255.24 
2 3 2473 413.241 1176.17 4 6319 1545.36 1248.21 
1 3 2614 453.919 1164.5 
2 3 2668 468.839 1040.17 4 4531 1009.17 1116.5 
2 3 2721 495.735 641.789 4 6488 1601.48 710.844 
2 3 3046 601.412 210.198 4 1839 265.924 1120.67 
2 3 3047 601.412 210.198 4 1840 265.924 1120.67 
2 3 3259 676.641 987.967 4 2332 362.419 1074.92 
2 3 3281 701.054 346.105 4 5171 1180.5 448.3 
4 3 3349 743.445 115.103 4 2586 462.662 346.949 5 2126 435.8 331.442 6 1460 385.008 434.641 
3 3 3402 772.054 40.0874 4 2574 456.378 282.68 5 2107 421.178 275.454 
2 3 3408 775.031 250.661 4 5250 1234.22 344.101 
2 3 3417 780.825 118.952 4 2623 487.156 342.613 
1 3 3457 818.928 1026.63 
3 3 3458 818.959 1027.04 4 2575 456.441 1110.17 5 2100 417.948 997.899 
2 3 3511 846.664 949.945 4 5483 1348.72 1035 
2 3 3515 853.097 275.916 4 5383 1313.14 354.372 
2 3 3518 856.096 193.112 4 2690 528.847 391.961 
2 3 3579 863.331 938.171 4 5560 1372.07 1020.24 
2 3 3598 867.536 38.396 4 2680 522.013 259.572 
2 3 3641 878.022 817.253 4 2597 468.445 336.879 
2 3 4146 970.769 1132.32 4 6471 1598.51 1263.12 
2 3 4187 976.635 1135.9 4 6446 1591.99 1260.06 
2 3 4495 1030.59 97.4302 4 3339 713.315 258.505 
4 3 4515 1032.97 243.257 4 3468 745.844 385.823 5 2799 673.068 351.121 6 2149 575.508 439.414 
3 3 4589 1046.75 99.3866 4 3398 726.679 255.961 5 2694 647.327 233.864 
2 3 4758 1079.01 141.627 4 3527 762.834 285.16 
2 3 4762 1079.43 126.164 4 3528 762.986 270.553 
2 3 4776 1081.18 1088 4 4001 880.86 1228.28 
2 3 4954 1123.66 109.081 4 3630 792.866 244.356 
2 3 4955 1123.66 109.081 4 3631 792.866 244.356 
2 3 4967 1128.78 418.192 4 5644 1393.79 298.496 
2 3 5084 1153.42 151.132 4 3757 829.295 274.383 
2 3 5235 1173.38 115.287 4 3802 838.563 235.953 
3 3 5273 1180.28 246.832 4 3985 878.267 355.848 5 3323 778.125 317.752 
2 3 5283 1181.83 255.769 4 3991 879.019 363.634 
4 3 5299 1183.54 214.699 4 3999 880.419 323.876 5 3341 780.246 287.504 6 2180 583.124 402.799 
3 3 5369 1202.97 31.7324 4 4111 910.437 138.546 5 3513 810.043 108.629 
2 3 5393 1210.15 120.021 4 3956 873.457 230.124 
2 3 5394 1210.15 120.021 4 3957 873.457 230.124 
2 3 5397 1211.06 27.1877 4 4142 916.166 131.92 
3 3 5403 1212.32 159.068 4 4017 884.619 265.934 5 3293 774.681 234.108 
2 3 5458 1222.1 34.1068 4 4192 928.867 134.781 
2 3 5473 1225.04 160.85 4 4064 897.149 263.917 
2 3 5527 1235.64 229.265 4 3651 796.441 345.688 
4 3 5528 1235.74 161.875 4 4097 907.463 261.873 5 3429 793.045 228.968 6 2513 653.776 321.26 
2 3 5615 1249.71 216.965 4 3290 697.885 361.395 
2 3 5618 1250.52 45.0953 4 4295 957.907 136.171 
2 3 5622 1250.86 154.069 4 4161 921.194 250.143 
4 3 5626 1251.8 162.906 4 4169 922.398 258.51 5 3498 805.118 225.06 6 2553 662.45 317.203 
2 3 5662 1259.97 48.0178 4 4342 967.174 136.122 
2 3 5698 1270.12 35.0108 4 4362 973.859 120.103 
3 3 5701 1270.96 265.066 4 4338 966.469 349.978 5 3677 849.105 307.415 
2 3 5705 1271.49 165.546 4 4232 942.43 255.304 
3 3 5715 1272.83 273.678 4 4347 968.164 358.162 5 3685 850.471 315.3 
2 3 5765 1284.27 36.1084 4 4448 988.616 115.972 
3 3 5768 1284.58 265.567 4 4406 980.249 348.264 5 3727 860.46 305.871 
3 3 5773 1285.24 261.237 4 4408 980.902 343.331 5 3730 861.151 300.911 
2 3 5839 1296.3 168.939 4 4343 967.464 251.456 
2 3 6005 1326.62 996.114 4 7787 1925.1 1069.66 
2 3 6156 1350.97 284.26 4 4724 1049.32 349.823 
2 3 6239 1367.91 1097.46 4 6538 1613.37 1257.31 
2 3 6659 1548 26.2165 4 5223 1220.98 19.2683 
2 3 6660 1548 26.2165 4 5224 1220.98 19.2683 
2 3 6677 1551.24 137.997 4 5155 1162.88 149.916 
2 3 6729 1576.29 31.8771 4 5290 1255.64 13.9152 
3 3 6739 1581.32 136.571 4 5186 1200.64 137.311 5 4241 1003.16 96.1195 
2 3 6745 1585.54 30.7815 4 5314 1266.66 8.87492 
4 3 6770 1598.86 139.22 4 5226 1221.46 133.865 5 4265 1020.54 91.2627 6 2922 785.718 181.851 
2 3 6801 1609.33 209.896 4 5323 1270.51 202.844 
3 3 6835 1626.6 143.496 4 5295 1257.61 127.979 5 4315 1051.2 82.8133 
3 3 6852 1632.07 116.323 4 5286 1254.43 97.2298 5 4304 1045.49 53.2991 
3 3 6853 1632.07 116.323 4 5287 1254.43 97.2298 5 4305 1045.49 53.2991 
2 3 6881 1645.95 118.375 4 5333 1272.33 94.0528 
4 3 7148 1703.03 698.768 4 5935 1469.72 742.417 5 4931 1260.35 668.581 6 3608 1008.82 717.496 
2 3 7201 1710.58 998.73 4 5465 1343.43 1111.6 
3 3 7237 1714.63 699.082 4 6033 1488.68 741.017 5 4973 1276.85 667.028 
4 3 7262 1717.78 704.756 4 6080 1494.24 747.347 5 5008 1283.06 673.076 6 3655 1027.8 721.268 
2 3 7263 1717.78 704.756 4 6081 1494.24 747.347 
5 3 7305 1725.27 682.182 4 6090 1495.04 719.314 5 4995 1280.5 645.962 6 3634 1021.29 694.96 7 4619 938.724 700.627 
3 3 7576 1766.51 681.073 4 6329 1555.2 711.653 5 5165 1334.46 638.072 
4 3 7885 1823.21 701.347 4 6668 1657.03 727.917 5 5471 1433.5 652.33 6 4293 1150.64 696.378 
3 3 8026 1844.26 706.765 4 6761 1687.94 731.905 5 5581 1463.09 655.925 
3 3 8035 1845.6 728.246 4 6792 1693.78 758.926 5 5595 1467.7 683.056 
2 3 8181 1858.17 762.133 4 6854 1713.45 800.77 
2 3 8561 1889.96 699.719 4 6951 1745.4 716.784 
4 3 8723 1903.14 683.069 4 7009 1760.83 693.594 5 5748 1522.07 617.181 6 4622 1214.17 658.47 
2 3 9125 1944.81 777.789 4 7257 1836.38 814.136 
2 3 9223 1955.11 386.576 4 8292 2056.57 558.055 
2 3 9316 1964.68 831.156 4 7597 1886.73 961.641 
2 3 9326 1966.13 759.055 4 7552 1877.2 785.506 
2 3 9352 1968.22 891.806 4 7573 1883.12 967.929 
2 3 9421 1973.94 947.334 4 7624 1891.8 1044.42 
2 3 9593 1994.13 1183.04 4 7608 1888.05 1375.53 
2 4 59 17.9316 1204.69 5 447 151.121 1071.46 
2 4 60 17.9316 1204.69 5 449 151.121 1071.46 
2 4 262 56.3856 108.35 5 779 227.254 112.35 
2 4 406 86.1014 73.0841 5 889 247.995 79.5944 
2 4 534 105.211 1104.5 5 598 199.646 990.083 
2 4 727 130.893 780.012 5 685 212.709 717.353 
2 4 755 133.827 11.2991 5 1237 285.134 19.5537 
2 4 806 139.898 912.732 5 741 222.323 829.647 
2 4 868 146.343 879.401 5 761 225.299 801.545 
3 4 869 146.343 879.401 5 762 225.299 801.545 6 850 248.166 858.102 
2 4 886 148.035 828.444 5 771 226.628 757.719 
3 4 904 150.174 34.9606 5 1341 299.984 39.1504 6 1575 408.473 167.314 
2 4 950 153.493 802.93 5 785 228.538 737.317 
3 4 967 155.161 996.36 5 813 233.923 900.073 6 882 254.051 945.787 
2 4 1016 159.448 66.4488 5 1413 309.801 67.2691 
3 4 1020 159.595 745.305 5 837 238.369 689.281 6 924 264.192 761.275 
2 4 1182 172.396 479.003 5 8566 2127.08 329.096 
2 4 1222 174.525 911.463 5 878 245.751 828.578 
2 4 1231 174.795 940.066 5 882 246.337 852.805 
2 4 1232 174.795 940.066 5 883 246.337 852.805 
2 4 1258 176.324 1167.96 5 929 251.545 1044.28 
2 4 1355 183.94 734.279 5 951 254.882 677.403 
2 4 1380 186.93 1153.43 5 989 258.81 1031.92 
2 4 1382 187.041 1169.71 5 1002 259.9 1045.63 
2 4 1391 187.829 727.467 5 974 256.983 671.304 
3 4 1402 188.379 866.405 5 965 256.271 790.508 6 957 271.416 848.509 
2 4 1416 189.486 1173.84 5 1031 262.004 1048.95 
2 4 1417 189.505 1146.8 5 1016 261.101 1026.43 
2 4 1423 190.144 207.86 5 1801 342.146 194.96 
3 4 1431 190.626 1123.15 5 1023 261.525 1006.88 6 964 272.837 1041.4 
3 4 1433 190.87 798.208 5 947 254.434 732.911 6 944 267.982 797.787 
2 4 1436 191.709 997.973 5 1013 260.859 901.828 
2 4 1441 192.165 1103.11 5 1035 262.526 989.989 
2 4 1469 195.698 1116.57 5 1081 266.521 1001.27 
2 4 1471 196.239 1106.82 5 1071 265.856 993.428 
2 4 1491 198.947 1054.65 5 1094 268.435 949.575 
2 4 1496 199.15 844.508 5 1056 264.893 771.878 
2 4 1497 199.15 844.508 5 1057 264.893 771.878 
3 4 1514 202.084 1028.46 5 1106 269.745 927.766 6 1010 281.118 970.58 
2 4 1519 202.916 987.563 5 1102 269.625 893.151 
2 4 1527 203.815 971.152 5 1110 270.322 878.517 
2 4 1539 205.987 1054.49 5 1130 273.192 949.417 
3 4 1561 208.798 897.318 5 1141 273.565 816.268 6 1030 285.921 870.843 
2 4 1587 212.529 886.291 5 1163 276.844 807.139 
3 4 1592 213.834 868.879 5 1166 277.014 792.128 6 1049 288.855 849.439 
2 4 1612 217.438 889.509 5 1197 281.107 809.71 
3 4 1619 219.793 828.304 5 1204 281.671 757.493 6 1072 293.692 818.291 
2 4 1649 226.075 1060.18 5 1249 286.973 954.025 
3 4 1671 233.207 689.586 5 1271 291.206 637.886 6 1111 303.324 711.806 
2 4 1775 257.53 930.67 5 1408 308.675 844.576 
1 4 1941 282.166 825.961 
2 4 1993 289.185 817.959 5 1669 330.194 748.096 
2 4 2133 318.426 1055.66 5 2669 634.199 754.042 
2 4 2192 335.694 823.363 5 1589 325.578 754.836 
2 4 2342 364.918 245.381 5 4246 1008.97 39.9498 
2 4 2362 368.972 1111.97 5 1908 356.768 998.438 
2 4 2388 375.278 1074.82 5 1932 361.752 967.302 
2 4 2424 381.254 1112.32 5 1955 366.205 998.911 
3 4 2508 407.322 1073.83 5 2039 383.556 966.758 6 1193 325.653 1004.96 
2 4 2511 409.377 257.264 5 2045 384.528 255.22 
2 4 2512 409.377 257.264 5 2046 384.528 255.22 
3 4 2529 429.98 1075.12 5 2079 399.295 967.958 6 1239 336.037 1005.98 
2 4 2536 437.132 263.424 5 2084 405.936 259.281 
2 4 2542 439.43 286.559 5 2088 409.46 279.743 
2 4 2545 440.149 508.712 5 2102 418.44 477.06 
2 4 2553 445.687 1075.13 5 2089 410.14 968.124 
3 4 2562 450.13 182.264 5 2123 433.543 180.777 6 2925 785.978 92.544 
3 4 2571 454.471 500.198 5 2117 431.344 468.75 6 1443 381.422 557.545 
2 4 2577 457.195 187.07 5 2131 438.555 184.642 
2 4 2614 479.372 277.492 5 2130 437.881 269.779 
2 4 2618 482.891 166.264 5 2159 456.467 165.607 
2 4 2622 486.593 253.16 5 2134 441.872 247.873 
3 4 2634 491.536 275.03 5 2145 446.649 267.081 6 1445 382.178 377.455 
2 4 2640 495.577 171.537 5 2170 466.253 169.007 
2 4 2643 497.1 1342.93 5 2144 446.226 1194.93 
2 4 2671 516.872 234.386 5 2167 461.631 229.926 
2 4 2681 523.685 378.547 5 2195 480.071 357.499 
2 4 2688 528.473 231.677 5 2178 470.885 226.568 
2 4 2689 528.473 231.677 5 2179 470.885 226.568 
2 4 2692 529.687 267.737 5 2190 474.92 258.799 
3 4 2718 538.828 265.949 5 2197 481.587 256.614 6 1564 405.904 366.455 
2 4 2722 539.316 432.288 5 2204 485.134 406.793 
2 4 2723 539.426 246.852 5 2199 481.926 239.196 
3 4 2735 543.112 412.31 5 2221 491.788 387.916 6 1629 419.257 483.074 
3 4 2736 543.573 390.025 5 2217 490.807 368.039 6 1617 417.322 465.509 
2 4 2744 545.063 396.806 5 2224 493 374.001 
2 4 2745 545.063 396.806 5 2225 493 374.001 
3 4 2747 545.169 307.902 5 2229 493.576 293.35 6 1639 421.122 398.477 
3 4 2771 549.492 167.974 5 2256 507.145 162.514 6 1682 443.93 277.707 
3 4 2772 549.838 254.434 5 2212 489.083 245.949 6 1582 410.635 356.757 
2 4 2773 549.838 254.434 5 2213 489.083 245.949 
2 4 2781 551.462 836.569 5 2271 515.937 606.942 
2 4 2789 553.787 1059.58 5 4528 1156.49 960.798 
3 4 2797 557.6 158.674 5 2267 512.799 153.654 6 1694 447.015 270.396 
2 4 2800 557.608 295.544 5 2250 502.461 281.056 
3 4 2814 561.611 1181.62 5 2274 516.923 1061.72 6 1673 440.506 1092.29 
2 4 2817 563.479 498.991 5 2284 520.847 466.121 
4 4 2831 566.73 1185.75 5 2290 521.96 1065.29 6 1686 445.618 1095.46 7 3154 556.495 1123.15 
2 4 2839 567.701 900.434 5 2300 524.671 818.441 
3 4 2844 568.607 1158.13 5 2293 523.122 1041.46 6 1691 446.478 1073.82 
2 4 2854 573.006 972.825 5 2311 527.557 881.571 
3 4 2858 573.586 227.74 5 2254 505.586 219.826 6 1637 420.75 332.162 
3 4 2865 575.06 1128.87 5 2319 528.923 1016.34 6 3297 933.32 1008.18 
2 4 2873 577.74 1063.62 5 2325 531.283 960.378 
2 4 2882 582.004 934.613 5 2337 536.062 848.409 
2 4 2884 582.663 804.944 5 2342 538.044 734.482 
2 4 2885 582.663 804.944 5 2343 538.044 734.482 
2 4 2889 583.858 357.977 5 2357 540.346 334.179 
2 4 2890 583.884 1116.83 5 2341 537.469 1006.99 
2 4 2904 587.745 275.204 5 2320 529.181 261.033 
2 4 2928 590.647 438.408 5 2377 545.681 407.021 
2 4 2933 591.812 244.403 5 2315 528.537 232.996 
2 4 2934 591.812 244.403 5 2316 528.537 232.996 
2 4 2959 597.515 267.756 5 2345 538.872 253.393 
2 4 2962 599.106 1156.21 5 2389 549.239 1040.86 
3 4 2967 599.979 465.638 5 2417 554.901 431.052 6 1861 484.395 518.032 
4 4 2974 601.075 252.738 5 2351 540.009 239.641 6 1746 458.897 347.173 7 3140 550.557 382.339 
4 4 2975 601.075 252.738 5 2352 540.009 239.641 6 1747 458.897 347.173 7 3141 550.557 382.339 
2 4 2995 604.646 811.351 5 2416 554.734 740.269 
2 4 2998 605.151 1077.55 5 2423 555.531 972.985 
3 4 3000 605.871 1060.53 5 2415 554.617 1013.22 6 1802 475.048 1047.99 
2 4 3011 607.027 312.489 5 2428 556.305 291.932 
2 4 3025 610.413 899.741 5 2453 560.88 817.687 
2 4 3028 611.297 775.988 5 2452 560.866 708.783 
3 4 3059 616.896 360.917 5 2498 569.281 334.782 6 1909 496.787 429.891 
4 4 3073 620.487 774.784 5 2500 569.737 707.378 6 1887 491.797 768.92 7 3392 596.661 797.82 
3 4 3078 621.995 463.908 5 2512 571.541 428.572 6 1905 496.125 514.959 
3 4 3079 622.162 245.819 5 2444 559.281 231.3 6 1804 475.712 338.054 
3 4 3088 624 438.715 5 2509 571.037 406.025 6 1894 493.715 494.754 
2 4 3094 625.328 627.607 5 2535 576.889 576.142 
2 4 3099 627.539 445.598 5 2525 574.984 412.03 
4 4 3100 627.539 445.598 5 2526 574.984 412.03 6 1911 497.55 500.055 7 3395 597.062 530.363 
4 4 3106 628.468 1228.75 5 2514 571.733 1104.09 6 1865 485.249 1132.07 7 3340 588.088 1160.48 
2 4 3129 633.41 587.609 5 2557 583.906 539.849 
2 4 3136 635.172 519.857 5 2565 585.9 478.894 
4 4 3139 636.523 470.862 5 2573 587.398 433.927 6 1966 512.481 519.046 7 3463 614.836 547.922 
4 4 3141 636.947 348.273 5 2564 585.487 322.335 6 1954 509.247 417.583 7 3434 608.097 446.971 
2 4 3142 637.275 363.75 5 2582 589.387 336.303 
3 4 3150 638.54 259.085 5 2520 573.596 242.263 6 1873 487.871 346.695 
2 4 3151 638.686 466.027 5 2579 588.548 429.393 
4 4 3152 639.134 367.842 5 2589 591.205 339.982 6 1976 517.211 432.979 7 3477 618.602 461.114 
4 4 3159 639.982 453.488 5 2580 588.803 417.832 6 1963 512.01 504.193 7 3446 612.467 533.045 
2 4 3160 641.534 363.289 5 2591 592.953 335.187 
2 4 3165 641.941 195.105 5 2597 597.559 178.376 
2 4 3166 643.909 294.425 5 2548 580.7 274.399 
2 4 3178 657.209 490.865 5 2610 603.456 451.313 
2 4 3179 657.209 490.865 5 2611 603.456 451.313 
2 4 3185 659.813 316.353 5 2609 601.432 292.14 
3 4 3192 664.323 198.057 5 2619 615.364 179.955 6 2012 540.773 285.172 
2 4 3199 670.498 249.756 5 2607 601.149 231.538 
2 4 3208 675.154 364.203 5 2626 618.934 334.488 
3 4 3241 686.478 757.073 5 2673 636.36 690.752 6 2062 557.156 752.568 
2 4 3253 688.64 275.667 5 2632 621.413 253.202 
2 4 3259 690.537 1123.54 5 3811 876.694 1021.85 
2 4 3260 690.537 1123.54 5 3812 876.694 1021.85 
2 4 3262 690.836 298.362 5 2636 622.252 274.619 
3 4 3296 699.975 296.78 5 2664 629.461 272.513 6 2004 535.974 370.521 
2 4 3313 706.24 295.373 5 2668 634.091 270.942 
2 4 3321 709.551 1252.83 5 2878 685.662 1130.54 
2 4 3325 710.422 1288.72 5 2873 685.007 1161.8 
2 4 3359 718.454 400.937 5 2709 651.579 366.554 
2 4 3360 718.48 374.416 5 2711 652.299 342.177 
2 4 3375 721.047 365.929 5 2715 653.968 334.527 
3 4 3404 728.381 1273.65 5 2933 698.632 1149.27 6 2408 633.044 1177.69 
2 4 3413 730.444 291.556 5 2712 653.145 266.144 
3 4 3425 734.459 1200.24 5 2968 706.876 1084.72 6 2461 643.627 1117.57 
2 4 3428 735.532 1194.97 5 2972 707.952 1079.89 
2 4 3429 735.532 1194.97 5 2973 707.952 1079.89 
3 4 3430 736.094 1184.91 5 2976 708.858 1070.98 6 2471 645.854 1104.64 
2 4 3431 736.094 1184.91 5 2977 708.858 1070.98 
2 4 3437 737.195 266.556 5 3039 723.628 224.445 
2 4 3447 739.029 1180.24 5 2992 711.103 1066.75 
3 4 3461 742.426 387.958 5 2788 670.343 353.411 6 2134 573.355 442.038 
3 4 3467 745.822 389.861 5 2798 673.017 355.496 6 2148 575.448 443.666 
3 4 3496 751.195 467.863 5 2806 674.646 427.195 6 2135 573.409 509.824 
2 4 3497 751.409 275.112 5 2781 669.232 249.879 
2 4 3508 754.028 386.958 5 2826 679.492 352.988 
2 4 3573 780.431 259.449 5 2904 691.036 234.006 
3 4 3578 781.557 155.541 5 2961 705.65 134.078 6 2263 604.111 238.658 
3 4 3579 781.589 466.094 5 2936 699.351 424.473 6 2205 592.327 506.022 
3 4 3580 781.589 466.094 5 2937 699.351 424.473 6 2206 592.327 506.022 
2 4 3633 793.197 353.038 5 2989 710.714 318.979 
2 4 3638 794.463 271.243 5 2945 702.737 244.178 
2 4 3664 799.04 154.657 5 3027 719.564 131.687 
3 4 3689 805.928 279.016 5 2996 712.193 250.589 6 2221 595.167 346.025 
2 4 3713 813.217 268.165 5 3022 717.278 240.26 
2 4 3714 813.217 268.165 5 3023 717.278 240.26 
2 4 3749 828.107 357.921 5 3097 737.252 322.02 
3 4 3872 852.703 350.305 5 3215 757.816 313.287 6 2427 637.478 400.389 
2 4 3886 856.33 265.759 5 3176 751.677 235.917 
2 4 3901 860.752 402.514 5 3244 762.666 362.651 
3 4 3934 868.83 395.303 5 3272 769.442 354.994 6 2468 644.933 438.17 
2 4 3948 871.932 140.92 5 3321 778.01 113.951 
2 4 3961 874.572 388.333 5 3289 773.797 348.467 
2 4 3986 878.267 355.848 5 3324 778.125 317.752 
2 4 3987 878.327 145.24 5 3369 784.157 117.264 
3 4 4019 884.711 465.348 5 3327 778.59 420.345 6 2488 648.774 498.778 
1 4 4048 893.444 435.184 
3 4 4055 894.157 435.263 5 3395 788.261 391.62 6 2532 658.077 471.601 
3 4 4057 894.193 442.374 5 3402 789.389 398.316 6 2542 659.925 478.069 
2 4 4062 897.122 226.731 5 3346 781.551 197.033 
3 4 4063 897.122 226.731 5 3348 781.551 197.033 6 2452 642.109 293.127 
2 4 4079 901.029 449.676 5 3438 794.815 405.099 
2 4 4082 902.034 133.766 5 3480 802.119 104.913 
2 4 4114 910.829 237.063 5 3441 795.04 205.715 
2 4 4136 915.368 223.387 5 3449 796.332 192.787 
2 4 4221 937.362 257.031 5 3562 818.292 222.771 
2 4 4245 947.957 139.185 5 3646 840.825 107.007 
2 4 4286 955.788 244.529 5 3614 831.745 209.997 
2 4 4316 961.388 318.985 5 3664 845.458 278.913 
3 4 4329 963.964 340.93 5 3670 847.024 299.012 6 2681 703.03 382.487 
2 4 4352 971.454 339.375 5 3696 853.352 298.34 
3 4 4471 995.607 235.649 5 3753 864.626 199.049 6 2691 706.016 289.799 
2 4 4491 1001.02 329.232 5 3817 877.829 286.501 
2 4 4504 1004.97 355.047 5 3825 880.038 310.924 
2 4 4567 1016.05 244.62 5 3832 881.849 206.349 
2 4 4605 1028.77 487.653 5 3889 895.179 435.627 
2 4 4760 1057.72 444.315 5 4032 919.997 393.961 
1 4 4765 1059.3 441.329 
2 4 4768 1059.83 440.567 5 4048 922.159 390.167 
3 4 5130 1144.6 115.887 5 4172 952.661 80.1435 6 2823 732.338 177.148 
2 4 5140 1149.22 227.154 5 4204 971.501 184.968 
2 4 5173 1180.5 212.337 5 4221 986.008 171.407 
3 4 5177 1187.85 150.922 5 4225 992.514 110.289 6 2900 765.846 201.777 
2 4 5184 1198.87 270.829 5 4248 1009.79 223.696 
2 4 5191 1204.16 88.036 5 4236 999.743 48.9353 
2 4 5227 1223.03 177.439 5 4191 965.493 149.173 
2 4 5245 1231.73 80.552 5 4271 1023.18 39.3402 
2 4 5284 1252.99 76.5499 5 4298 1041.47 33.6287 
2 4 5308 1264.37 209.056 5 4334 1069.9 159.468 
3 4 5318 1269.6 73.8957 5 4324 1055.73 29.5615 6 2955 804.28 122.108 
2 4 5319 1269.98 109.665 5 4329 1062.71 63.5474 
2 4 5345 1279.68 134.116 5 4335 1070.71 87.0336 
2 4 5350 1283.22 135.448 5 4340 1073.94 88.1099 
2 4 5388 1319.28 880.242 5 4355 1080.67 802.399 
2 4 5390 1321.49 325.981 5 4386 1107.07 271.902 
2 4 5392 1322.44 1112.11 5 4331 1069.03 1017.4 
2 4 5445 1336.46 1108.94 5 4352 1080 1014.94 
2 4 5446 1336.46 1108.94 5 4353 1080 1014.94 
2 4 5527 1361.35 477.514 5 4577 1170.09 351.66 
2 4 5530 1362.58 409.131 5 4609 1175.02 346.692 
2 4 5555 1371.42 366.334 5 4640 1184.65 303.934 
2 4 5637 1392.41 921.59 5 4621 1176.53 840.839 
4 4 5694 1400.31 253.154 5 4839 1224.97 188.214 6 3582 995.564 252.226 7 4627 940.424 227.806 
2 4 5712 1402.3 1198.79 5 4617 1175.45 1101.21 
2 4 5723 1403.42 785.443 5 4667 1196.37 711.024 
3 4 5776 1416.93 368.253 5 4858 1233.86 302.348 6 3590 999.723 362.169 
2 4 5777 1416.93 368.253 5 4859 1233.86 302.348 
2 4 5807 1423.76 790.195 5 4813 1217.91 714.889 
3 4 5816 1424.61 733.153 5 4817 1218.52 659.927 6 3494 971.817 710.468 
3 4 5825 1426.36 756.924 5 4830 1221.94 683.006 6 3535 978.497 732.187 
2 4 5834 1428.51 881.199 5 4814 1218.02 803.351 
2 4 5843 1431.16 751.707 5 4842 1226.24 677.935 
2 4 5844 1431.16 751.707 5 4843 1226.24 677.935 
3 4 5864 1434.17 744.449 5 4846 1228.45 670.946 6 3560 983.278 720.684 
4 4 5869 1436.04 756.286 5 4851 1230.55 682.091 6 3563 985.732 731.256 7 4560 921 740.38 
3 4 5880 1439.35 779.725 5 4856 1233.49 705.739 6 3573 992.117 755.118 
3 4 5903 1451.58 743.461 5 4881 1243.3 669.787 6 3579 993.931 719.22 
3 4 5912 1456.13 754.868 5 4890 1249.14 680.145 6 3592 999.935 729.13 
2 4 5917 1460.02 729.179 5 4897 1250.2 655.914 
2 4 5926 1462.33 115.165 5 4945 1264.97 47.9441 
3 4 5927 1463.26 721.925 5 4902 1251.85 648.949 6 3588 997.827 698.769 
2 4 5986 1480.8 707.667 5 4955 1268.47 635.208 
2 4 6053 1490.85 751.996 5 4991 1279.94 677.574 
2 4 6070 1493.3 726.696 5 4988 1279.52 653.073 
1 4 6107 1497.61 751.425 
2 4 6111 1498.23 751.816 5 5029 1286.19 676.859 
2 4 6201 1513.83 455.832 5 6638 1699.89 346.831 
2 4 6281 1531.4 705.318 5 5114 1312.95 631.884 
3 4 6320 1546.23 450.575 5 6837 1736.08 339.66 6 8367 1883.52 338.034 
2 4 6350 1565.04 709.805 5 5185 1343.89 636.472 
3 4 6354 1565.51 448.947 5 6957 1757.89 337.488 6 8547 1908.96 333.388 
2 4 6372 1573.55 847.917 5 5208 1350.41 771.715 
2 4 6405 1582.83 733.526 5 5247 1363.64 658.703 
2 4 6407 1583.25 470.148 5 7075 1778.8 359.464 
2 4 6436 1589.92 740.349 5 5270 1370.85 665.302 
3 4 6437 1589.92 740.349 5 5271 1370.85 665.302 6 4008 1099.59 711.147 
2 4 6624 1639.17 751.783 5 5424 1417 675.36 
2 4 6655 1654.45 734.977 5 5469 1431.64 659.321 
2 4 6672 1658.94 734.446 5 5476 1435.85 658.716 
2 4 6677 1662.49 733.996 5 5483 1439.48 658.183 
3 4 6692 1669.03 733.818 5 5505 1445.69 657.999 6 4368 1162.7 701.48 
3 4 6699 1669.72 751.448 5 5502 1445.27 675.67 6 4362 1161.44 719.504 
3 4 6742 1681.64 869.858 5 5523 1451.11 793.668 6 4367 1162.49 838.606 
2 4 6762 1687.94 731.905 5 5582 1463.09 655.925 
3 4 6766 1688.19 808.566 5 5566 1459.92 732.21 6 4432 1173.93 775.476 
2 4 6782 1692.04 731.712 5 5594 1467.45 655.694 
2 4 6805 1696.51 731.462 5 5607 1471.59 655.375 
2 4 6806 1696.51 731.462 5 5608 1471.59 655.375 
3 4 6819 1700.3 927.891 5 5591 1465.6 849.715 6 4430 1173.7 895.287 
2 4 6837 1706.09 875.679 5 5611 1472.22 799.219 
2 4 6851 1709.73 838.99 5 5627 1477.81 762.475 
2 4 6868 1720.82 1119.11 5 5616 1474.97 1038.14 
2 4 6884 1726.48 1107.83 5 5625 1477.06 950.603 
2 4 6904 1731.69 687.863 5 5650 1492.04 612.119 
3 4 6932 1740.04 694.236 5 5683 1502.15 618.23 6 4542 1197.06 659.923 
3 4 6954 1746.38 688.387 5 5700 1506.1 612.447 6 4547 1198.64 654.341 
2 4 7020 1763.87 1007.67 5 5719 1510.77 930.249 
2 4 7021 1764.18 714.19 5 5759 1525.25 637.766 
2 4 7041 1771.13 1140.24 5 5718 1510.26 1060.17 
2 4 7047 1773.54 606.899 5 5822 1549.55 528.551 
2 4 7051 1779.21 825.262 5 5789 1535.25 749.143 
2 4 7062 1785.4 747.956 5 5807 1542.95 671.902 
2 4 7066 1789.47 764.738 5 5812 1545.84 689.161 
2 4 7072 1793.02 832.408 5 5818 1548.05 756.554 
2 4 7073 1793.02 832.408 5 5819 1548.05 756.554 
2 4 7075 1795.37 824.298 5 5827 1550.87 748.3 
2 4 7092 1800.97 746.88 5 5844 1557.93 670.561 
1 4 7102 1803.81 827.597 
2 4 7103 1803.81 827.597 5 5847 1558.93 751.826 
2 4 7105 1803.81 835.796 5 5850 1559.37 760.015 
2 4 7153 1820.24 826.941 5 5889 1574.9 751.174 
2 4 7178 1825.18 437.82 5 8106 2022.4 313.432 
2 4 7193 1827.23 428.531 5 8126 2025.53 302.973 
2 4 7195 1827.76 822.793 5 5869 1566.76 747.632 
2 4 7197 1828.43 1098.16 5 5871 1567.84 1021.17 
2 4 7207 1830.05 740.744 5 5934 1589.29 662.837 
2 4 7227 1833.17 436.864 5 8176 2032.74 312.401 
3 4 7233 1833.67 881.263 5 5926 1588.76 805.839 6 4845 1275.34 847.829 
2 4 7242 1835.07 424.52 5 8186 2034.56 298.142 
2 4 7247 1835.53 1211.64 5 5870 1566.99 1132.18 
3 4 7250 1835.78 696.759 5 5958 1596.85 618.907 6 4877 1280.82 657.639 
2 4 7253 1835.86 389.584 5 8199 2036.09 258.864 
2 4 7269 1837.15 834.016 5 5942 1592.05 758.257 
2 4 7294 1840.89 384.01 5 8245 2041.37 252.428 
2 4 7297 1840.99 680.886 5 5966 1599.04 603.685 
2 4 7394 1851.85 692.705 5 6017 1612.11 615.067 
3 4 7452 1859.28 1243.96 5 5896 1577.26 1164.63 6 4726 1244.03 1213.58 
2 4 7467 1861.83 390.1 5 8398 2065.4 258.442 
4 4 7500 1868.11 1186.95 5 5972 1600.16 1109.82 6 4851 1276.52 1158.47 7 5424 1106.79 1202.48 
3 4 7524 1872.26 1257.81 5 5924 1588.44 1178.82 6 4758 1253.54 1228.45 
3 4 7525 1872.26 1257.81 5 5925 1588.44 1178.82 6 4759 1253.54 1228.45 
3 4 7807 1928.28 1247.6 5 6154 1643.36 1171.48 6 4969 1302.17 1222.9 
2 5 190 77.869 1018.48 6 597 211.728 1052.58 
2 5 228 89.4999 103.9 6 639 218.451 245.071 
2 5 249 96.0053 109.5 6 674 224.124 249.824 
2 5 272 101.69 183.831 6 695 228.068 313.949 
2 5 322 111.751 162.532 6 759 236.146 294.883 
2 5 431 144.682 301.365 6 978 275.986 412.343 
2 5 552 183.497 197.869 6 1124 307.2 317.943 
2 5 812 233.879 780.062 6 885 255.189 840.117 
2 5 842 239.941 66.5821 6 1327 355.409 197.387 
3 5 852 241.533 817.459 6 898 257.914 871.936 7 5418 1104.72 783.413 
2 5 857 242.868 805.995 6 908 259.683 861.901 
2 5 867 244.18 1055.23 6 887 256.061 1084.21 
2 5 877 245.525 823.508 6 915 261.689 877.616 
2 5 909 249.587 1054.69 6 911 260.944 1083.96 
2 5 915 250.581 808.537 6 935 267.107 864.129 
2 5 971 256.869 765.88 6 963 272.642 826.117 
2 5 1004 259.973 1057.43 6 954 270.648 1086.58 
2 5 1010 260.811 1014.35 6 962 272.38 1047.85 
2 5 1042 263.561 876.332 6 979 276.06 924.475 
2 5 1058 264.921 812.81 6 996 278.798 867.668 
2 5 1067 265.689 26.8853 6 1435 378.599 160.125 
2 5 1082 266.608 917.685 6 995 278.414 961.687 
2 5 1091 268.068 885.818 6 1004 280.335 933.286 
2 5 1093 268.367 28.4027 6 1442 381.213 160.71 
2 5 1103 269.656 20.2836 6 1449 382.644 153.707 
2 5 1135 273.382 16.0866 6 1466 385.796 149.417 
2 5 1164 276.844 807.139 6 1054 289.292 862.783 
2 5 1182 279.113 16.4403 6 1488 390.268 150.22 
1 5 1217 283.093 798.911 
2 5 1218 283.111 798.366 6 1071 293.574 855.325 
2 5 1245 286.331 731.491 6 1078 295.25 795.769 
2 5 1254 287.879 750.952 6 1088 298.258 812.259 
2 5 1256 289.122 81.5917 6 1541 401.386 207.804 
2 5 1263 290.486 905.443 6 1083 296.667 950.365 
2 5 1330 298.067 632.758 6 1130 308.99 706.369 
1 5 1361 302.781 624.661 
2 5 1368 303.756 623.631 6 1136 312.021 698.811 
2 5 1381 305.968 44.2772 6 1593 413.703 171.387 
2 5 1890 353.438 932.203 6 2733 716.397 975.467 
2 5 1901 355.016 926.021 6 2744 718.317 968.425 
2 5 1941 363.542 752.179 6 1187 323.642 815.138 
2 5 1950 365.471 735.71 6 1189 324.546 800.789 
2 5 1969 370.088 1105.47 6 1137 312.174 1129.36 
2 5 1970 370.088 1105.47 6 1138 312.174 1129.36 
1 5 2110 422.094 468.003 
2 5 2111 422.651 468.281 6 1412 373.619 557.482 
2 5 2115 428.192 425.057 6 2929 790.225 365.97 
2 5 2118 431.344 468.75 6 1444 381.422 557.545 
2 5 2120 432.509 968.719 6 1338 358.073 1006.67 
2 5 2122 433.543 180.777 6 2924 785.978 92.544 
2 5 2125 435.554 262.458 6 1418 375.491 373.638 
2 5 2158 456.304 458.516 6 1517 395.267 546.361 
2 5 2160 456.869 969.002 6 1426 376.976 1007.2 
2 5 2169 466.196 477.907 6 3013 836.814 426.624 
3 5 2181 470.933 979.008 6 1494 391.738 1016.82 7 3022 498.798 1044.17 
3 5 2182 470.933 979.008 6 1495 391.738 1016.82 7 3023 498.798 1044.17 
2 5 2183 471.706 373.46 6 1558 405.229 470.806 
1 5 2185 472.527 172.641 
2 5 2188 472.618 172.92 6 1631 419.466 289.444 
2 5 2191 475.798 1110.18 6 1519 395.766 1135.14 
2 5 2192 475.798 1110.18 6 1520 395.766 1135.14 
2 5 2208 487.537 932.256 6 3076 880.818 974.109 
2 5 2209 487.917 411.016 6 1592 413.689 504.173 
2 5 2218 491.3 400.891 6 1626 419.22 494.86 
3 5 2220 491.788 387.916 6 1628 419.257 483.074 7 3086 521.67 520.122 
2 5 2227 493.269 377.427 6 1633 419.8 473.366 
1 5 2228 493.373 919.107 
2 5 2230 493.739 919.363 6 3096 886.633 957.924 
2 5 2240 498.905 223.617 6 1608 415.639 336.601 
2 5 2252 503.727 149.902 6 1672 440.423 267.672 
2 5 2260 508.472 456.026 6 1669 439.672 543.574 
3 5 2262 510.507 973.086 6 1658 434.132 1011.22 7 3127 543.707 1039.44 
3 5 2270 515.922 319.999 6 1690 446.422 420.177 7 3142 550.611 455.357 
2 5 2299 524.351 1022.4 6 1699 448.154 1056.44 
2 5 2302 525.668 1008.93 6 1706 449.907 1043.99 
2 5 2308 526.921 984.387 6 1708 450.965 1021.57 
2 5 2312 527.575 965.869 6 1713 451.457 1004.72 
2 5 2327 531.607 461.993 6 3194 911.942 404.425 
2 5 2331 532.66 270.377 6 1723 454.107 374.997 
2 5 2333 533.701 730.549 6 1758 461.619 790.579 
2 5 2336 535.679 1058.67 6 1744 458.401 1091.5 
2 5 2370 544.758 944.615 6 1766 464.551 985.646 
2 5 2371 544.784 423.797 6 1815 476.193 511.864 
2 5 2372 545.187 462.933 6 1823 476.86 547.24 
2 5 2375 545.406 417.861 6 1816 476.268 506.33 
2 5 2376 545.406 417.861 6 1817 476.268 506.33 
2 5 2390 549.958 632.784 6 1825 476.962 701.082 
3 5 2394 550.499 1109.82 6 1763 462.501 1138.36 7 3179 562.031 1167.35 
1 5 2395 550.841 1065.16 
2 5 2407 552.818 1029.16 6 1792 473.003 1062.73 
1 5 2409 552.951 1009.17 
2 5 2414 553.878 278.423 6 1820 476.618 380.533 
2 5 2418 554.975 926.83 6 1809 476.138 969.099 
2 5 2421 555.27 273.306 6 1811 476.173 375.819 
2 5 2422 555.335 952.624 6 1824 476.908 992.772 
2 5 2437 558.31 889.871 6 1840 479.9 935.396 
2 5 2446 559.764 693.531 6 1849 482.282 756.475 
2 5 2447 559.779 880.499 6 1846 481.417 927.052 
2 5 2454 560.984 861.573 6 1852 482.978 909.812 
2 5 2458 562.07 893.886 6 1857 483.828 939.076 
2 5 2462 562.442 799.339 6 1862 484.804 853.436 
2 5 2468 563.697 680.439 6 1868 487.006 744.568 
2 5 2476 564.9 712.453 6 1872 487.544 773.538 
2 5 2486 566.114 734.771 6 1877 489.871 794.04 
2 5 2488 566.779 626.496 6 1882 490.406 695.427 
2 5 2489 566.918 758.023 6 1878 489.978 815.322 
2 5 2490 566.935 792.423 6 1866 485.988 896.317 
3 5 2492 567.144 618.296 6 1881 490.381 687.725 7 3380 594.272 717.623 
2 5 2504 570.562 186.154 6 1947 507.921 293.892 
2 5 2508 570.732 332.518 6 1916 498.467 427.468 
2 5 2516 571.913 613.88 6 1901 495.036 683.556 
3 5 2522 573.949 432.404 6 1914 498.006 518.437 7 3404 599.571 548.48 
2 5 2527 575.025 408.573 6 1910 497.265 496.945 
1 5 2531 575.893 177.899 
2 5 2532 575.963 178.137 6 1961 511.787 286.226 
2 5 2534 576.664 283.785 6 1898 494.881 383.95 
3 5 2539 577.709 544.267 6 1928 502.635 619.976 7 3432 606.514 649.427 
2 5 2541 578.693 330.482 6 1933 504.021 425.269 
2 5 2544 579.852 524.865 6 1940 505.266 602.314 
3 5 2545 580.166 324.344 6 1936 504.439 419.885 7 3414 603.278 449.814 
2 5 2555 582.77 473.715 6 1949 508.394 555.357 
3 5 2559 584.676 240.355 6 1907 496.346 344.786 7 3301 581.684 376.195 
2 5 2563 585.46 266.698 6 1922 500.891 368.465 
2 5 2569 586.3 228.03 6 1900 494.992 333.625 
3 5 2574 587.468 329.607 6 1964 512.281 424.032 7 3444 611.843 452.898 
2 5 2576 587.929 467.133 6 1965 512.427 549.739 
2 5 2578 588.448 410.695 6 1962 511.794 497.981 
3 5 2583 589.488 365.84 6 1972 515.403 456.698 7 3472 617.34 485.221 
3 5 2586 590.147 353.396 6 1974 516.014 445.607 7 3474 617.788 474.108 
2 5 2590 591.205 339.982 6 1977 517.211 432.979 
2 5 2595 594.414 444.269 6 1978 518.623 526.754 
2 5 2606 600.036 261.757 6 1970 514.591 362.846 
2 5 2643 623.888 738.727 6 2032 545.36 796.078 
2 5 2650 625.911 261.703 6 1996 533.392 360.922 
2 5 2653 626.557 391.176 6 2015 541.378 478.033 
2 5 2656 627.06 380.588 6 2019 542.031 468.495 
2 5 2657 627.06 380.588 6 2020 542.031 468.495 
2 5 2704 650.653 380.272 6 2072 559.141 467.97 
2 5 2705 650.653 380.272 6 2073 559.141 467.97 
2 5 2721 654.499 262.396 6 2052 553.227 360.26 
2 5 2754 663.403 335.634 6 2121 568.969 425.948 
2 5 2757 664.056 347.97 6 2123 569.323 436.952 
2 5 2758 664.074 392.938 6 2124 569.371 478.33 
2 5 2762 665.344 358.518 6 2125 569.729 446.418 
2 5 2772 667.071 363.002 6 2129 570.739 453.923 
2 5 2824 679.272 346.045 6 2170 579.852 435.005 
2 5 2901 689.191 145.398 6 2213 592.633 249.563 
2 5 2934 698.632 1149.27 6 2409 633.044 1177.69 
2 5 3067 730.413 132.355 6 2359 622.354 235.052 
2 5 3068 730.631 245.029 6 2291 608.279 340.04 
2 5 3192 752.797 321.84 6 2412 633.741 408.699 
2 5 3240 762.143 303.794 6 2436 639.523 391.847 
2 5 3273 769.792 403.214 6 2442 639.832 484.252 
2 5 3278 771.816 457.79 6 2464 644.291 533.716 
2 5 3281 771.895 391.208 6 2444 640.323 472.614 
2 5 3290 773.917 309.748 6 2491 649.411 396.182 
2 5 3344 781.187 389.252 6 2498 650.589 470.438 
2 5 3368 783.866 393.355 6 2520 654.408 474.021 
2 5 3393 787.813 226.392 6 2493 649.465 319.944 
2 5 3552 816.363 293.533 6 2623 680.383 379.108 
2 5 3559 817.839 286.297 6 2626 680.969 372.777 
2 5 3665 846.668 392.23 6 2672 698.793 469.889 
2 5 3750 864.384 283.01 6 2731 716.046 366.747 
2 5 3948 904.065 974.711 6 2632 683.132 1011.22 
2 5 4117 941.96 1032.01 6 2700 708.186 1067.79 
2 5 4150 947.986 96.2809 6 2809 730.779 192.728 
2 5 4179 955.355 1256.33 6 2711 711.471 1280.37 
2 5 4187 962.038 64.0817 6 2846 736.959 161.673 
2 5 4214 979.85 59.3364 6 2877 750.119 155.829 
2 5 4231 996.588 67.4481 6 2949 800.91 144.624 
2 5 4232 996.588 67.4481 6 2895 764.229 162.08 
2 5 4247 1009.25 78.3732 6 2909 776.949 170.73 
2 5 4249 1010.32 99.5855 6 2172 580.152 348.614 
2 5 4252 1011.97 344.875 6 2940 792.842 419.294 
2 5 4253 1011.97 344.875 6 2941 792.842 419.294 
2 5 4257 1014.68 62.0246 6 2910 778.163 155.246 
2 5 4280 1029.35 976.668 6 2907 772.414 1016.33 
2 5 4296 1039.98 105.878 6 2953 803.265 193.821 
2 5 4323 1055.71 1032.62 6 2935 791.711 1069.52 
2 5 4327 1057.78 162.594 6 2992 827.96 244.373 
2 5 4333 1069.85 25.5662 6 2965 814.935 117.105 
3 5 4396 1115.09 241.095 6 3043 865.267 315.132 7 4034 791.064 315 
2 5 4408 1120.89 203.056 6 3050 867.99 278.834 
1 5 4485 1142.17 237.627 
3 5 4497 1144.38 239.498 6 3189 909.533 312.185 7 4117 832.446 300.291 
2 5 4500 1144.75 25.6117 6 3063 874.572 110.065 
2 5 4506 1149.49 254.848 6 3201 916.211 323.684 
2 5 4509 1149.98 274.578 6 3059 873.006 318.003 
3 5 4525 1155.91 265.635 6 3256 926.109 333.1 7 4270 871.928 324.382 
3 5 4547 1160.63 180.85 6 3308 935.455 251.045 7 4353 884.231 235.484 
2 5 4555 1162.92 717.141 6 3231 922.518 767.598 
2 5 4584 1171.01 1029.55 6 3224 920.679 1068.88 
2 5 4593 1173.59 610.709 6 3303 933.945 664.418 
2 5 4604 1174.71 678.473 6 3295 932.934 730.027 
2 5 4615 1175.22 958.001 6 3269 928.02 999.826 
2 5 4618 1175.89 1047.62 6 3255 925.941 1086.89 
2 5 4620 1176.14 971.266 6 3262 927.187 1012.66 
2 5 4631 1180.28 1102.85 6 3273 928.761 1140.48 
2 5 4634 1181.95 665.559 6 3318 938.298 716.112 
2 5 4636 1182.05 894.644 6 3307 935.294 938.753 
2 5 4646 1186.35 105.606 6 3332 941.081 178.796 
3 5 4651 1189.99 44.1143 6 3301 933.797 121.033 7 4145 846.765 101.195 
3 5 4653 1190.3 40.4478 6 3305 934.018 117.116 7 4143 846.54 96.9086 
3 5 4656 1191.38 1033.57 6 3337 942.41 1073.41 7 4318 878.577 1101.47 
2 5 4657 1191.75 963.063 6 3347 944.105 1004.84 
2 5 4659 1192.35 1095.59 6 3338 942.598 1134.64 
2 5 4660 1194 45.2917 6 3325 940.096 121.049 
2 5 4669 1196.66 1159.34 6 3282 930.131 1195.78 
2 5 4677 1198.55 628.492 6 3367 954.308 681.164 
2 5 4679 1198.71 271.126 6 3402 959.584 335.67 
2 5 4687 1199.91 168.889 6 3455 967.019 236.648 
2 5 4689 1201.96 176.168 6 3470 968.55 243.472 
2 5 4690 1202.1 182.183 6 3491 971.311 249.276 
2 5 4695 1203.25 110.172 6 3382 956.534 181.193 
2 5 4709 1206.16 140.059 6 3448 966.002 209.489 
2 5 4727 1208.06 109.631 6 3408 960.641 180.155 
3 5 4755 1210.72 685.381 6 3474 969.305 735.069 7 4497 909 745.185 
2 5 4756 1210.72 685.381 6 3475 969.305 735.069 
2 5 4758 1210.81 305.081 6 3543 980.382 366.566 
2 5 4762 1211.41 135.692 6 3476 969.687 204.061 
2 5 4764 1211.42 1105.58 6 3420 962.242 1144.05 
2 5 4781 1213.11 671.908 6 3484 970.514 722.344 
2 5 4782 1213.24 812.787 6 3464 968.154 858.927 
2 5 4796 1214.71 816.798 6 3486 970.559 862.649 
2 5 4797 1214.88 185.467 6 3566 987.088 250.477 
3 5 4799 1215.85 189.01 6 3570 988.034 253.505 7 4607 933.232 230.829 
1 5 4803 1216.43 1111.29 
2 5 4811 1217.89 97.2806 6 3461 967.689 167.88 
2 5 4816 1218.48 1113.32 6 3468 968.526 1153.93 
2 5 4826 1219.73 559.125 6 3550 980.746 610.868 
2 5 4852 1230.84 62.7217 6 3507 973.642 133.813 
2 5 4853 1230.84 62.7217 6 3509 973.642 133.813 
2 5 4873 1241.73 108.058 6 3577 993.701 175.229 
3 5 4904 1252.84 675.706 6 3601 1003.07 724.588 7 4606 932.307 732.779 
2 5 4929 1258.76 1030.13 6 3596 1001.46 1141.79 
3 5 4935 1261.2 547.033 6 3677 1033.25 570.525 7 4659 956.426 566.539 
2 5 4966 1274.34 1033.63 6 3681 1034.81 1075.03 
2 5 4998 1281.02 1039.01 6 3708 1041.55 1080.73 
2 5 4999 1281.02 1039.01 6 3709 1041.55 1080.73 
2 5 5009 1283.06 673.076 6 3656 1027.8 721.268 
3 5 5095 1307.8 673.34 6 3745 1048.06 720.641 7 4677 964.095 726.098 
2 5 5097 1307.84 779.883 6 3724 1044.61 827.103 
3 5 5110 1310.64 122.646 6 3868 1078.03 180.856 7 4896 1016.36 138.82 
3 5 5162 1333.95 397.09 6 5823 1459.71 425.54 7 9775 1921.74 326.245 
3 5 5163 1333.95 397.09 6 5824 1459.71 425.54 7 9776 1921.74 326.245 
2 5 5238 1359.54 397.066 6 6010 1486.22 423.449 
2 5 5243 1362.13 392.945 6 6020 1488.59 419.262 
2 5 5251 1364.89 406.841 6 6040 1494.12 433.374 
2 5 5286 1374.24 1053.53 6 5797 1456.73 1097.98 
2 5 5291 1374.47 669.619 6 4026 1103.05 715.159 
2 5 5293 1374.61 1058.22 6 5802 1456.95 1102.85 
2 5 5317 1380.25 409.759 6 6108 1508.97 435.771 
2 5 5342 1385.72 449.269 6 6136 1515.15 475.072 
2 5 5346 1388.1 411.45 6 6143 1516.53 436.447 
2 5 5463 1431.03 1036.47 6 6233 1541.16 1080.21 
2 5 5465 1431.1 1027.71 6 6236 1541.38 1071.56 
2 5 5486 1440.55 630.012 6 4317 1153.44 673.995 
2 5 5491 1442.44 661.957 6 4355 1160.01 705.147 
2 5 5499 1443.71 626.909 6 4325 1155.18 670.849 
2 5 5522 1451.11 793.668 6 4366 1162.49 838.606 
2 5 5541 1453.93 730.961 6 4401 1167.51 774.538 
2 5 5573 1462.28 681.967 6 4442 1176.3 724.859 
2 5 5586 1463.58 726.972 6 4438 1175.59 770.853 
2 5 5651 1492.49 648.675 6 4504 1193.22 691.02 
2 5 5681 1501.82 840.644 6 4557 1200.74 882.707 
2 5 5690 1503.97 636.142 6 4565 1202.08 678.354 
2 5 5736 1517.69 618.106 6 4603 1210.68 659.576 
2 5 5742 1519.64 904.228 6 4600 1210.32 948.283 
2 5 5746 1521.46 724.05 6 4610 1212.07 766.079 
2 5 5747 1521.54 929.723 6 4604 1211.21 974.044 
2 5 5752 1523.72 720.466 6 4621 1214 762.643 
2 5 5755 1524.5 670.781 6 4629 1215.81 710.617 
2 5 5778 1532 691.08 6 4661 1224.66 732.619 
2 5 5784 1534.18 811.533 6 4664 1225.63 854.285 
2 5 5787 1534.83 1220.08 6 4584 1204.3 1268.38 
1 5 5796 1539.07 1360.12 
2 5 5797 1539.78 1360.11 6 3910 1085.47 1405.05 
2 5 5801 1541.5 518.794 6 4725 1243.67 558.574 
2 5 5803 1542.03 916.297 6 4676 1230.08 960.351 
2 5 5808 1543.07 1233.39 6 4605 1211.22 1282.33 
2 5 5815 1547.11 1177.09 6 4633 1217.58 1225.17 
2 5 5816 1547.26 1007.57 6 4683 1232.33 1053.06 
2 5 5820 1548.12 525.641 6 4741 1248.99 564.592 
2 5 5828 1552.47 1122.73 6 4702 1236.67 1170.23 
2 5 5837 1556.85 1070.97 6 4713 1239.37 1117.49 
2 5 5867 1566.31 1074.46 6 4736 1247.45 1121.39 
2 5 5884 1571.63 745.739 6 4724 1243.59 788.281 
2 5 5893 1575.15 655.467 6 4775 1260.22 695.31 
2 5 5904 1581.81 1075.64 6 4779 1261.19 1123.14 
2 5 5905 1582.09 902.361 6 4793 1265.47 946.185 
2 5 5906 1582.09 902.361 6 4794 1265.47 946.185 
2 5 5913 1585.16 632.865 6 4819 1269.63 672.784 
3 5 5920 1587.34 1062.08 6 4805 1266.94 1109.39 7 5397 1101.6 1147.05 
2 5 5921 1587.34 1062.08 6 4806 1266.94 1109.39 
2 5 5922 1587.48 727.52 6 4835 1272.31 768.343 
2 5 5933 1589.17 902.053 6 4830 1271.42 945.985 
2 5 5948 1594.05 980.598 6 4841 1274.05 1026.24 
3 5 5950 1595.73 640.354 6 4891 1283.1 679.037 7 5489 1123.4 669.119 
2 5 5951 1595.86 863.918 6 4861 1278.34 907.102 
2 5 5952 1595.91 797.634 6 4878 1281.03 839.236 
2 5 5973 1600.26 671.456 6 4913 1286.74 710.652 
2 5 5976 1601.92 723.219 6 4921 1288.53 763.163 
2 5 5986 1603.72 1129.02 6 4865 1279.2 1178.12 
2 5 6009 1609.79 850 6 4927 1290.82 892.58 
2 5 6011 1611.2 1291.33 6 4813 1268.92 1344.69 
2 5 6022 1613.02 980.018 6 4930 1291.11 1025.72 
2 5 6028 1617.31 1079.56 6 4935 1292.63 1127.85 
2 5 6233 1652.12 1296.3 6 4983 1304.95 1351.97 
2 5 6248 1653.24 1180.13 6 4998 1310.94 1232.3 
2 5 6316 1658.56 1212.66 6 5006 1311.97 1265.56 
2 5 6317 1658.56 1212.66 6 5007 1311.97 1265.56 
2 5 6334 1660.44 403.702 6 7846 1805.66 410.104 
2 5 6343 1661.1 377.677 6 7839 1805.22 381.854 
2 5 6368 1663.95 364.953 6 7857 1807.77 369.092 
2 5 6374 1665.15 1296.13 6 5028 1316.71 1352.47 
2 5 6376 1665.43 357.075 6 7874 1808.54 360.909 
2 5 6450 1675.41 345.874 6 7942 1818.65 348.413 
2 5 6465 1676.46 342.235 6 7950 1819.55 344.622 
2 5 6516 1681.52 365.421 6 7987 1824.44 366.693 
2 5 6678 1705.97 346.173 6 8160 1850.24 345.717 
2 5 6712 1712.44 537.285 6 8272 1866.89 549.755 
2 5 6766 1723.96 337.391 6 8284 1870.45 336.107 
3 5 6767 1723.96 337.391 6 8285 1870.45 336.107 7 5351 1086.98 150.513 
2 5 6838 1736.08 339.66 6 8368 1883.52 338.034 
2 5 6958 1757.89 337.488 6 8548 1908.96 333.388 
2 5 7002 1764.64 346.628 6 8592 1916.74 343.023 
2 5 7003 1764.64 346.628 6 8593 1916.74 343.023 
2 5 7068 1777.42 538.536 6 8732 1939.53 546.119 
2 5 7126 1787.05 355.564 6 8769 1943.89 350.085 
2 5 7865 1930.76 992.383 6 10137 2147.56 1035.11 
2 5 7875 1935.25 992.148 6 10161 2151.87 1034.65 
2 5 8465 2076.82 1207.63 6 7388 1752.92 1276.63 
2 6 25 14.8088 1078.86 7 2095 308.887 1108.7 
2 6 102 42.9586 1083.32 7 2158 331.033 1111.77 
2 6 259 115.432 171.509 7 2341 391.488 236.147 
2 6 432 171.026 87.3994 7 2605 440.837 146.788 
2 6 433 171.601 96.1903 7 2616 441.846 155.39 
2 6 485 185.768 85.1286 7 2724 454.094 143.082 
2 6 598 211.914 251.848 7 2947 481.452 301.426 
2 6 786 238.411 855.633 7 2545 434.417 890.172 
2 6 903 259.33 770.093 7 2729 454.41 808.444 
2 6 1256 338.608 370.111 7 2781 461.616 415.079 
1 6 1391 369.501 431.37 
2 6 1392 369.777 484.713 7 2993 490.779 525.48 
1 6 1405 372.18 430.486 
2 6 1477 389.304 1047.12 7 3013 496.427 1074.21 
2 6 1492 390.739 1026.44 7 3020 497.837 1053.85 
2 6 1546 401.986 1008.07 7 3056 509.356 1036.08 
2 6 1547 401.986 1008.07 7 3057 509.356 1036.08 
2 6 1555 405.001 540.57 7 4005 779.543 397.012 
2 6 1570 407.222 414.656 7 3893 727.894 271.451 
2 6 1650 426.967 320.631 7 3063 512.908 360.217 
2 6 1663 436.022 890.145 7 3148 554.348 919.648 
2 6 1688 446.276 342.058 7 3116 536.873 378.845 
2 6 1693 446.637 352.664 7 3122 539.446 389.07 
2 6 1702 449.737 366.609 7 3128 543.773 402.439 
2 6 1711 451.243 747.459 7 4173 852.998 747.074 
2 6 1712 451.243 747.459 7 4174 852.998 747.074 
2 6 1791 472.952 1099.56 7 3293 580.827 1127.23 
2 6 1794 473.615 527.625 7 3288 580.128 559.565 
2 6 1797 473.976 1030.62 7 3296 581.13 1058.86 
2 6 1812 476.173 375.819 7 3228 570.078 408.648 
2 6 1818 476.365 649.318 7 4267 871.274 811.044 
2 6 1828 477.667 961.403 7 3319 584.67 989.823 
2 6 1855 483.217 770.371 7 3338 587.85 800.306 
2 6 1869 487.154 1139.79 7 3342 589.152 1168.01 
2 6 1879 490.107 711.913 7 3383 594.551 741.56 
2 6 1921 500.651 515.998 7 3412 602.439 546.101 
2 6 1927 501.915 649.072 7 3355 590.471 921.621 
2 6 1937 504.571 398.41 7 3407 599.822 428.727 
2 6 1938 504.571 398.41 7 3408 599.822 428.727 
2 6 1941 505.669 338.033 7 3345 589.337 369.078 
2 6 1946 507.748 541.878 7 3440 610.914 571.428 
2 6 1991 531.788 420.748 7 3522 628.419 447.747 
1 6 2024 542.718 970.541 
2 6 2338 618.389 522.628 7 3738 678.666 547.407 
2 6 2465 644.291 533.716 7 3815 698.88 554.284 
2 6 2521 654.62 477.248 7 3844 706.126 496.155 
2 6 2892 762.188 1058.68 7 3812 698.308 1083.93 
2 6 3023 844.329 66.1524 7 4053 798.953 52.9691 
2 6 3051 868.866 284.156 7 4030 790.929 282.601 
2 6 3052 868.866 284.156 7 4031 790.929 282.601 
2 6 3080 881.439 124.881 7 4019 785.738 115.062 
2 6 3083 883.576 235.334 7 4079 813.762 227.606 
2 6 3089 885.344 41.025 7 4091 823.635 20.9587 
1 6 3094 885.946 303.738 
2 6 3118 891.039 113.566 7 4040 792.745 101.845 
2 6 3119 891.039 113.566 7 4041 792.745 101.845 
2 6 3132 894.352 94.816 7 4033 790.996 81.9154 
2 6 3135 894.6 44.6079 7 4123 836.093 22.9029 
1 6 3142 895.926 309.08 
1 6 3157 898.767 306.047 
2 6 3160 899.589 311.382 7 4120 834.091 305.65 
2 6 3165 901.081 120.107 7 4067 807.183 106.858 
2 6 3169 902.334 155.785 7 4085 817.265 143.339 
2 6 3187 908.791 1001.55 7 4139 844.126 1026.54 
2 6 3192 910.732 245.631 7 4175 853.294 234.349 
2 6 3202 916.475 332.384 7 4218 861.649 325.803 
2 6 3205 917.652 131.072 7 4113 831.044 115.088 
2 6 3206 917.868 110.755 7 4092 823.944 93.8054 
2 6 3213 919.252 1120.66 7 4171 852.718 1151.82 
2 6 3219 920.154 1063.55 7 4180 854.587 1092.85 
2 6 3228 922.124 113.591 7 4111 830.034 95.7647 
2 6 3243 924.021 377.912 7 4259 869.572 372.865 
2 6 3244 924.234 1129.87 7 4194 858.133 1161.74 
2 6 3248 924.697 414.038 7 4293 875.32 410.251 
2 6 3299 933.588 247.923 7 4328 880.109 232.927 
2 6 3389 957.974 1050.91 7 4382 891.686 1079.31 
2 6 3406 960.241 365.361 7 4433 899.886 355.111 
2 6 3409 960.767 931.403 7 4409 896.18 953.685 
2 6 3423 962.417 1069.2 7 4423 899.31 1026.1 
2 6 3435 964.253 346.041 7 4443 900.617 334.124 
2 6 3436 964.313 340.291 7 4437 900.342 327.958 
2 6 3452 966.59 334.065 7 4441 900.529 321.119 
2 6 3453 966.59 334.065 7 4442 900.529 321.119 
2 6 3480 969.96 80.4298 7 4575 924.553 46.1864 
2 6 3505 973.024 119.419 7 4585 927.043 80.7386 
2 6 3510 973.937 415.566 7 4553 919.537 406.77 
2 6 3532 978.045 139.83 7 4376 890.177 113.522 
2 6 3552 981.154 354.963 7 4573 924.35 340.874 
2 6 3553 981.154 354.963 7 4574 924.35 340.874 
2 6 3556 981.729 342.77 7 4566 922.997 328.034 
2 6 3559 982.574 406.136 7 4592 928.085 396.468 
2 6 3571 988.417 182.597 7 4519 912.719 157.069 
2 6 3586 997.683 247.039 7 4623 938.927 223.164 
2 6 3616 1011.89 353.293 7 4646 947.432 335.793 
2 6 3619 1012.96 364.967 7 4649 950.011 348.066 
2 6 3651 1025.94 1191.18 7 4663 958.67 1231.19 
2 6 3667 1030.87 724.923 7 4616 936.867 737.047 
2 6 3676 1033.25 570.525 7 4658 956.426 566.539 
2 6 3686 1036.43 1007.13 7 4716 980.054 1033.7 
2 6 3720 1043.54 175.21 7 4685 967.81 139.819 
2 6 3741 1048 143.509 7 4674 963.987 104.982 
2 6 3742 1048 143.509 7 4675 963.987 104.982 
2 6 3766 1056.12 1055.55 7 7059 1451.99 1098.58 
2 6 3775 1059.33 152.015 7 4729 982.856 112.144 
2 6 3828 1069.67 1061.89 7 7137 1467.23 1106.02 
2 6 3846 1073.8 306.392 7 7045 1450.25 240.927 
2 6 3849 1074.09 362.887 7 7064 1452.64 305.7 
2 6 3862 1076.64 438.5 7 7127 1465 392.513 
2 6 3873 1078.92 1056.08 7 7198 1476.76 1099.47 
2 6 3883 1080.77 141.904 7 4842 1007.25 96.9332 
2 6 3889 1082.15 310.144 7 7113 1460.77 244.144 
2 6 3896 1083.39 362.641 7 7134 1466.58 305.657 
2 6 3918 1086.74 349.037 7 7155 1470.84 288.746 
2 6 3991 1097.05 696.155 7 4805 998.224 697.706 
2 6 4023 1102.68 1075.02 7 7396 1503.91 1121.65 
2 6 4038 1104.13 329.047 7 7270 1489.87 263.078 
2 6 4055 1106.98 323.857 7 7300 1492.85 256.804 
2 6 4058 1107.5 1074.74 7 7437 1508.65 1121.42 
2 6 4069 1108.79 714.039 7 4665 959.469 729.412 
2 6 4072 1110.13 299.191 7 7311 1493.76 227.959 
2 6 4079 1111.48 336.764 7 7354 1499.14 270.885 
2 6 4080 1111.83 1065.31 7 7473 1512.97 1110.41 
2 6 4092 1114.14 351.603 7 7382 1502.61 287.502 
2 6 4093 1114.14 351.603 7 7383 1502.61 287.502 
2 6 4114 1119.21 308.172 7 7415 1506.63 237.016 
2 6 4161 1127 306.892 7 7481 1515.08 234.509 
2 6 4162 1127 306.892 7 7482 1515.08 234.509 
2 6 4184 1129.95 354.44 7 7528 1520.61 288.791 
2 6 4212 1135.02 1061.65 7 7674 1540.34 1106.74 
2 6 4220 1136.52 1066.44 7 7690 1542.41 1112.35 
2 6 4259 1143.11 346.155 7 7643 1535.2 277.392 
2 6 4268 1145.11 382.034 7 7659 1537.98 318.83 
2 6 4270 1145.18 388.965 7 7670 1539.5 326.695 
2 6 4277 1147.58 393.302 7 7700 1543.71 331.667 
2 6 4278 1147.96 343.738 7 7682 1541.43 273.625 
2 6 4300 1151.11 395.348 7 7724 1548.25 333.496 
2 6 4301 1151.18 1043.07 7 7878 1568.91 1085.46 
2 6 4306 1152.03 352.21 7 7718 1547.4 282.946 
2 6 4308 1152.45 412.295 7 7734 1549.54 353.052 
2 6 4316 1153.37 382.097 7 7720 1547.65 317.352 
2 6 4332 1155.97 381.081 7 7739 1549.9 315.849 
2 6 4344 1158.89 1138.68 7 4780 991.641 996.499 
2 6 4358 1160.42 344.305 7 7775 1555.65 272.46 
2 6 4389 1165.84 344.575 7 7825 1562.06 271.823 
2 6 4390 1165.84 344.575 7 7826 1562.06 271.823 
2 6 4439 1175.67 436.368 7 7893 1572.05 378.302 
2 6 4500 1193.05 410.895 7 8127 1612.22 344.647 
2 6 4525 1195.02 415.043 7 8147 1615 349.947 
2 6 4590 1207.79 416.471 7 8215 1630.6 350.155 
2 6 4667 1226 1011.38 7 5276 1072.44 1037.93 
2 6 4672 1227.54 426.207 7 8347 1653.39 358.697 
2 6 4697 1234.54 424.672 7 8387 1660.6 356.077 
2 6 4698 1234.54 424.672 7 8388 1660.6 356.077 
2 6 4703 1236.88 993.408 7 5330 1080.83 1018.52 
2 6 4858 1277.66 400.078 7 8780 1725.61 320.326 
2 6 4867 1279.45 683.19 7 5477 1119.22 675.321 
2 6 4876 1280.79 412.358 7 8815 1730.66 334.341 
2 6 4928 1290.88 391.488 7 8879 1741.95 307.674 
2 6 4929 1290.88 391.488 7 8880 1741.95 307.674 
2 6 4948 1296.77 390.513 7 8916 1750.06 306.019 
2 6 4967 1301.9 419.576 7 8955 1760.05 339.77 
2 6 4968 1302.03 390.516 7 8935 1757 304.95 
2 6 4970 1302.53 397.609 7 8946 1758.79 313.385 
2 6 4980 1303.68 403.361 7 8958 1760.86 320.338 
2 6 4984 1305.74 392.499 7 8964 1762.2 306.863 
2 6 4993 1309.23 1015.09 7 5543 1135.65 1042.69 
2 6 5040 1318.36 396.942 7 9023 1778.66 310.428 
2 6 5072 1326.06 450.431 7 9053 1787.04 373.464 
2 6 5086 1331.71 447.801 7 9076 1792.95 369.643 
2 6 5353 1378.45 444.552 7 9209 1823.36 361.9 
2 6 5379 1381.9 441.14 7 9223 1827.55 356.754 
2 6 5604 1425.65 433.41 7 9485 1875.34 341.846 
2 6 5620 1431.32 488.693 7 9592 1891.94 409.598 
2 6 5649 1436.28 451.405 7 9636 1896.4 361.484 
2 6 5803 1457.07 421.119 7 9765 1919.06 321.084 
2 6 5836 1461.45 491.582 7 9829 1930.79 407.859 
2 6 5924 1471.11 552.992 7 9988 1951.24 483.074 
2 6 5981 1478.91 552.869 7 10063 1959.86 482.044 
2 6 6008 1485.04 558.123 7 10131 1968.4 487.489 
2 6 6014 1486.82 1102.08 7 9748 1915.36 1162.9 
2 6 6035 1492.41 428.675 7 10111 1965.49 325.68 
2 6 6059 1499.6 1096.72 7 9873 1937.44 1157.26 
2 6 6157 1519.81 444.242 7 10456 2004.31 339.722 
2 6 6219 1538.54 580.908 7 10782 2037.99 509.768 
2 6 6312 1574.67 1082.8 7 10999 2072.8 1143.67 
2 6 6398 1601.75 1089.4 7 11420 2126.01 1153.8 
